Tree,1,2,3,4,5,6,7,8,9,10,11,12,13,14,15,16,17,18,19,20,21,22,23,24,25,26,27,28,29,30,31,32,33,34,35,36,37,38,39,40
1,0.0,0.9497894488494004,0.9954771628729506,0.966766172786663,0.9550537954855159,0.9962000951593005,0.9137289383077789,0.9517049958187795,0.6455410046935313,0.7132899772088306,0.6595528086889848,0.6621986117639374,0.938385500559354,0.9383026445684043,0.938300650097981,0.9527106050583625,0.95988712630701,0.7363225337550797,0.9064832983852694,0.8889040152658525,0.66787050217385,0.6746722717651406,0.9554117035160896,0.7874450083106124,0.8539401515968104,0.8765204354153734,0.7050928435621964,0.6525675698145184,0.9515353420379445,0.9480151975182661,0.9438012524092373,0.9640961906314744,0.9370485193072378,0.9731915546461665,0.052104788469582775,0.05374003219592971,0.039149911320698005,0.054613492150274556,0.0368994804316477,0.03843469192183224
2,0.9497894488494004,0.0,0.9974059412278808,0.9528020997015124,0.21911453748962473,0.9970938045053357,0.6320182826582377,0.018494163584521606,0.9198958735255677,0.9229294110768781,0.8621970468494862,0.9648861274213122,0.2833687705744429,0.24371582496438715,0.25670402714942786,0.029344985446100202,0.9115886229897566,0.5974448727215096,0.9077620877064627,0.7510349053744623,0.972532935251871,0.9713700403091381,0.9356561643767799,0.9582551166823691,0.9501547487368175,0.9571960917970218,0.35016877277226255,0.6854413533482909,0.05101153858425855,0.0301757236582616,0.03478722811313961,0.37850634100138225,0.04862412402324401,0.9625751812728641,0.9843267184550959,0.9874458482385658,0.9750147654598731,0.9398980760173561,0.9697058710781639,0.9762565634549575
3,0.9954771628729506,0.9974059412278808,0.0,0.9539110799357203,0.9856220999704477,0.014695334479673416,0.9683686832258863,0.9966843294569654,0.9933406284492761,0.9638467619256909,0.9799483614926736,0.9737399841965136,0.9644035682789258,0.9666953056486403,0.9659008497872241,0.9969386121380747,0.9663853406784502,0.9623642202596194,0.9748814443015265,0.9624748842864925,0.983615817583468,0.9779091522038659,0.9847000125999396,0.9594734971924775,0.9666892106296209,0.9611354935944734,0.9900938608135079,0.9930718875210084,0.9918979544997542,0.9976854303962134,0.9974413589378055,0.9865963587140625,0.9970615323381128,0.9683774191630848,0.9988667446296065,0.9969382895447468,0.9964213485745295,0.9938063532261341,0.9978288349839328,0.9977290775495791
4,0.966766172786663,0.9528020997015124,0.9539110799357203,0.0,0.8213953858832082,0.953388315820301,0.11190130340494997,0.9682149834512177,0.9656145825035636,0.9284257592118796,0.9197450358553163,0.9490295701306606,0.9543963813724208,0.9552944665276001,0.9549128013689104,0.9776163815697444,0.1096735663392322,0.9316262312779587,0.26244794179738073,0.3199507266589171,0.9655576070108696,0.9620711202656601,0.7270325708188652,0.30835918780349025,0.21536034480215793,0.34476346345388886,0.9427898221086969,0.9484957212768875,0.9621220483503443,0.9629946744191873,0.9531268380556444,0.9196746792349175,0.9389563253679298,0.004427097499192456,0.9919848771772709,0.9919489778381593,0.9802068266790285,0.9677731658105644,0.9803322748940656,0.9832475308056363
5,0.9550537954855159,0.21911453748962473,0.9856220999704477,0.8213953858832082,0.0,0.9875065986268826,0.5981399449599495,0.17950984203052978,0.9170457241355583,0.9205845028506779,0.8651529829821502,0.9441940531844852,0.39377112955373506,0.36216112396962286,0.3722011539658082,0.1936712845195223,0.8416542012905697,0.6735418108971607,0.8413424037948133,0.7279610938161049,0.9649068683328152,0.9537958485761047,0.9161660432213545,0.8816101141409166,0.8675884222148892,0.8839262240294627,0.43681252638985857,0.7566505285739524,0.09648440616551346,0.205537204347513,0.20811904649793533,0.04615295698454169,0.2186099682112178,0.8535908274801081,0.9864923599974331,0.9888387034873486,0.9818808257868444,0.9597960074139412,0.9771374662911891,0.9830108218366047
6,0.9962000951593005,0.9970938045053357,0.014695334479673416,0.953388315820301,0.9875065986268826,0.0,0.9523551017278891,0.9971901805578669,0.9864145523847823,0.9798963037521101,0.9446228032627104,0.9850258675386294,0.98340045429658,0.9840015667069325,0.9837168658034887,0.9975603102135853,0.9296698760552762,0.9791241426984622,0.8782543675764073,0.8953255632996124,0.9376040893723948,0.9358582759976114,0.8332740521559219,0.9422459403763249,0.9059545770714946,0.8902665886592389,0.9908071747317446,0.9916393276314746,0.9933938318787937,0.9977650317130141,0.9974884909933692,0.988168865678581,0.997092344223022,0.9668910003907321,0.9992109227019823,0.9974141651873176,0.9980128236482646,0.9967593326047416,0.9984594216690398,0.9985143473737335
7,0.9137289383077789,0.6320182826582377,0.9683686832258863,0.11190130340494997,0.5981399449599495,0.9523551017278891,0.0,0.6371505895163625,0.8476735952083339,0.7030836518906194,0.7040881612006955,0.7667703130941821,0.5543337457714184,0.552197044362341,0.5526464173413235,0.6417569817111063,0.072824365387121,0.6080369709840631,0.172113386644407,0.12985525947730836,0.7863468902979569,0.7600884726747247,0.5612500243926154,0.18845985241857988,0.12765241764450863,0.20044498115135745,0.6466211911195643,0.7666715894557118,0.6374350038823451,0.6325725857772589,0.6263897833589191,0.7589364581311674,0.6195449087572724,0.11230746703721284,0.9800473526120063,0.9808385818159218,0.9569126044223563,0.927450427201642,0.9604219863646961,0.9650885355074725
8,0.9517049958187795,0.018494163584521606,0.9966843294569654,0.9682149834512177,0.17950984203052978,0.9971901805578669,0.6371505895163625,0.0,0.9224374754886463,0.9259506241184113,0.860020115193339,0.9622816671057712,0.25979146346817183,0.219703752148531,0.23280849619412736,0.002490520376934091,0.9390883681961716,0.618165324037214,0.9214067149004805,0.7708400235821855,0.9740571736398695,0.9703920499370504,0.9407546579540241,0.9690204973934332,0.9629409573161392,0.9665755089974971,0.3367012704496237,0.7001942432813522,0.01971889668135407,0.006456524894728477,0.01370459421241721,0.3366677718147746,0.03434707095531275,0.9783181440886508,0.9849064514379425,0.988198928411018,0.9797217406715488,0.9530802875014874,0.9736662786178503,0.9804823148553604
9,0.6455410046935313,0.9198958735255677,0.9933406284492761,0.9656145825035636,0.9170457241355583,0.9864145523847823,0.8476735952083339,0.9224374754886463,0.0,0.27195148223510623,0.06665629615025093,0.08693942047139935,0.9395804007376276,0.9365990993465287,0.9375494200014668,0.9221389233120235,0.9642547771936173,0.3418457197967527,0.7780355361991594,0.7662059691978457,0.06734926084820791,0.09947453639924908,0.8794193214895558,0.47929040346679097,0.67234380218703,0.745641351025442,0.20748269427037214,0.03257463767130375,0.9181798855509683,0.9202398442429571,0.9167235425851441,0.9308406291416995,0.9094656322605555,0.978683882204943,0.9458771811640369,0.9516422645843734,0.9141135819010973,0.8913971754415854,0.9014316394796709,0.9101345482708066
10,0.7132899772088306,0.9229294110768781,0.9638467619256909,0.9284257592118796,0.9205845028506779,0.9798963037521101,0.7030836518906194,0.9259506241184113,0.27195148223510623,0.0,0.1581713009501019,0.07411373296326274,0.5304490410414264,0.5571314324423535,0.5479341471268473,0.9243743124436328,0.7346261540605962,0.10924065131575744,0.694720621754646,0.5167766892411936,0.19382500012073234,0.1470435896078487,0.7926461679224848,0.2929210607181606,0.5067239964173962,0.4623570548596557,0.3795671125897103,0.2861046168849738,0.8987968930642717,0.9318330272876993,0.9293457465673326,0.9548387674778495,0.9236900756625084,0.9498883268356965,0.9482039088598128,0.950575697424381,0.8977206489172652,0.8482595906061429,0.9052245467485349,0.9094765728885383
11,0.6595528086889848,0.8621970468494862,0.9799483614926736,0.9197450358553163,0.8651529829821502,0.9446228032627104,0.7040881612006955,0.860020115193339,0.06665629615025093,0.1581713009501019,0.0,0.05024624496917818,0.7148931122890321,0.7217034969322422,0.7191664056050063,0.8585480906908448,0.7750417520192758,0.19550780103271292,0.5692022063408452,0.5100982413217543,0.012418580747814767,0.01257643390758334,0.6135119608242827,0.3183455256092125,0.4823373527533569,0.49032810699936835,0.2101037621964401,0.08738942340143419,0.8467045141761467,0.8574890847758102,0.8542048543879435,0.8949606412986665,0.851799079566592,0.9364527447037919,0.9457517371955215,0.9505492231244007,0.9034694512584056,0.866827665086681,0.8999047203981251,0.9068410150941046
12,0.6621986117639374,0.9648861274213122,0.9737399841965136,0.9490295701306606,0.9441940531844852,0.9850258675386294,0.7667703130941821,0.9622816671057712,0.08693942047139935,0.07411373296326274,0.05024624496917818,0.0,0.7003642026963843,0.7181625716832197,0.7120431673036673,0.9590085758782076,0.8323542923182765,0.15199280768123513,0.7278123446814031,0.6127707393439654,0.06932219021079689,0.05310470847960114,0.839034063711648,0.32127208251843,0.5651366355799562,0.5688366296616392,0.27414386266608626,0.12277247168620642,0.9392730684273901,0.9642582549371833,0.9622129019686467,0.9640380453089441,0.9572297557654108,0.9681380546400975,0.9458719456834644,0.9497248271312361,0.9006074516930371,0.8637794548716803,0.9013218100929588,0.9070758432653333
13,0.938385500559354,0.2833687705744429,0.9644035682789258,0.9543963813724208,0.39377112955373506,0.98340045429658,0.5543337457714184,0.25979146346817183,0.9395804007376276,0.5304490410414264,0.7148931122890321,0.7003642026963843,0.0,0.001957217501912023,0.000862773333643041,0.25473829168186546,0.7209313920417093,0.2887617640950637,0.7924391365341465,0.5069651009139626,0.8324945159376566,0.7538217357775885,0.812111052324593,0.6353522315803142,0.7336402167003182,0.6226663483526713,0.47145297156367627,0.7775768110638412,0.24593345686600787,0.2674997554430535,0.27363192719175844,0.5367368387810726,0.28790010283378875,0.9739560167147986,0.9800387035065207,0.9799930362853347,0.9500785051131185,0.9038123552990297,0.9655497503934947,0.9674637227284746
14,0.9383026445684043,0.24371582496438715,0.9666953056486403,0.9552944665276001,0.36216112396962286,0.9840015667069325,0.552197044362341,0.219703752148531,0.9365990993465287,0.5571314324423535,0.7217034969322422,0.7181625716832197,0.001957217501912023,0.0,0.00022213911556179244,0.2148001922678615,0.7352207965086304,0.3043809918481599,0.7988955972609492,0.5201964298004991,0.8412839700310526,0.7679468809569294,0.8181056815797852,0.6583726454321204,0.7486226086097075,0.6455910986816988,0.4474569359382997,0.765973688419921,0.20871197949760767,0.22696794220794891,0.2333819308792735,0.5103786498877242,0.2483995124579751,0.9742540934094331,0.9800928126810432,0.9803012433814289,0.9520153878111386,0.906959306028557,0.9658137595072306,0.9681864597216447
15,0.938300650097981,0.25670402714942786,0.9659008497872241,0.9549128013689104,0.3722011539658082,0.9837168658034887,0.5526464173413235,0.23280849619412736,0.9375494200014668,0.5479341471268473,0.7191664056050063,0.7120431673036673,0.000862773333643041,0.00022213911556179244,0.0,0.22788606822616386,0.7301447557802301,0.29878928688079387,0.7963660195119885,0.5153055928972434,0.8381240468555631,0.7629564377329918,0.8156104501453701,0.6503768951232678,0.7432739917025069,0.6374897093676964,0.45523795458521854,0.769747963611818,0.2207529863408525,0.24027537757776485,0.24659581019554222,0.5186042304651224,0.2613895993814571,0.9741049766741013,0.9800621280654985,0.9801911978021668,0.9513256958197349,0.9058222521058557,0.9656908244500697,0.9679159138568639
16,0.9527106050583625,0.029344985446100202,0.9969386121380747,0.9776163815697444,0.1936712845195223,0.9975603102135853,0.6417569817111063,0.002490520376934091,0.9221389233120235,0.9243743124436328,0.8585480906908448,0.9590085758782076,0.25473829168186546,0.2148001922678615,0.22788606822616386,0.0,0.9486741755080775,0.6230354033123418,0.9262503260437336,0.7773679701379974,0.9714620557913176,0.9674826837924493,0.9422196981870551,0.971237951826098,0.9671274530516824,0.9691636756669725,0.33606068449349347,0.7039649277510305,0.02262306179862239,0.006437430209482842,0.015887320321267162,0.3581556754437153,0.039468724528699206,0.9859724450751431,0.9853402663964227,0.9885159522281615,0.9823285573483557,0.9600724311228064,0.9760388966085765,0.9827724803928026
17,0.95988712630701,0.9115886229897566,0.9663853406784502,0.1096735663392322,0.8416542012905697,0.9296698760552762,0.072824365387121,0.9390883681961716,0.9642547771936173,0.7346261540605962,0.7750417520192758,0.8323542923182765,0.7209313920417093,0.7352207965086304,0.7301447557802301,0.9486741755080775,0.0,0.7021775532879656,0.09689433304434136,0.08701134956735557,0.8185784159392973,0.7811408790978347,0.4319842393977288,0.1673191661917569,0.07034378446378475,0.10769600372908716,0.9166352104250024,0.9400810519013916,0.9313084346562369,0.9393169727406252,0.9310484904892754,0.9507506852393927,0.9195116749390324,0.10830933961428979,0.9886565925008495,0.9877978706937133,0.9631263861694316,0.9333292244518261,0.973244439450457,0.9742871753384115
18,0.7363225337550797,0.5974448727215096,0.9623642202596194,0.9316262312779587,0.6735418108971607,0.9791241426984622,0.6080369709840631,0.618165324037214,0.3418457197967527,0.10924065131575744,0.19550780103271292,0.15199280768123513,0.2887617640950637,0.3043809918481599,0.29878928688079387,0.6230354033123418,0.7021775532879656,0.0,0.6872056474270385,0.4434630483087947,0.2647298710848348,0.21191604149155463,0.7776775540815131,0.3233322151403254,0.5472876281166995,0.48877870714550775,0.2475025337742638,0.2715276147961623,0.6007263846121691,0.6326985914202792,0.6335388669711968,0.7520014454745968,0.6350618153751286,0.9562137994251728,0.9524659994397743,0.9549601340508432,0.8997944768040613,0.839702363413085,0.9104729135154845,0.9145305455641958
19,0.9064832983852694,0.9077620877064627,0.9748814443015265,0.26244794179738073,0.8413424037948133,0.8782543675764073,0.172113386644407,0.9214067149004805,0.7780355361991594,0.694720621754646,0.5692022063408452,0.7278123446814031,0.7924391365341465,0.7988955972609492,0.7963660195119885,0.9262503260437336,0.09689433304434136,0.6872056474270385,0.0,0.06087417047310062,0.5809664255929063,0.5649931653968006,0.17128078799353608,0.18995016173508172,0.04543401246261425,0.06709065463180353,0.7820678647280078,0.7780113005372856,0.9134833855247629,0.9187956364527253,0.9125964817877671,0.9370840601363581,0.9038083592558598,0.2616605922647487,0.9820258557215469,0.9826245090105342,0.9604593641137001,0.9388849469475344,0.9635928592705715,0.9666355155583028
20,0.8889040152658525,0.7510349053744623,0.9624748842864925,0.3199507266589171,0.7279610938161049,0.8953255632996124,0.12985525947730836,0.7708400235821855,0.7662059691978457,0.5167766892411936,0.5100982413217543,0.6127707393439654,0.5069651009139626,0.5201964298004991,0.5153055928972434,0.7773679701379974,0.08701134956735557,0.4434630483087947,0.06087417047310062,0.0,0.5558158415199668,0.5098144989532746,0.24638411608878497,0.11961312042053995,0.054199124789288455,0.03390251752931417,0.6670345427520163,0.7230909767889606,0.7570522153243682,0.775336860561385,0.770772671167639,0.8466001560210581,0.7649665151340905,0.32707994325995093,0.9762689258990562,0.9765105457938088,0.9416932219430753,0.9014356226554902,0.9523777240837328,0.9548842851463771
21,0.66787050217385,0.972532935251871,0.983615817583468,0.9655576070108696,0.9649068683328152,0.9376040893723948,0.7863468902979569,0.9740571736398695,0.06734926084820791,0.19382500012073234,0.012418580747814767,0.06932219021079689,0.8324945159376566,0.8412839700310526,0.8381240468555631,0.9714620557913176,0.8185784159392973,0.2647298710848348,0.5809664255929063,0.5558158415199668,0.0,0.007295610304675182,0.5875624764869622,0.3606290459723114,0.5108993397770376,0.5169821693055746,0.2833973975869345,0.11454889054700235,0.9592014107599369,0.9750946723085467,0.9742248905000439,0.9782588585320747,0.9718557517826095,0.9799347004125422,0.9485264149045362,0.9531656400526614,0.9109931635577923,0.8827580137348062,0.9059884520695806,0.9125422496024923
22,0.6746722717651406,0.9713700403091381,0.9779091522038659,0.9620711202656601,0.9537958485761047,0.9358582759976114,0.7600884726747247,0.9703920499370504,0.09947453639924908,0.1470435896078487,0.01257643390758334,0.05310470847960114,0.7538217357775885,0.7679468809569294,0.7629564377329918,0.9674826837924493,0.7811408790978347,0.21191604149155463,0.5649931653968006,0.5098144989532746,0.007295610304675182,0.0,0.569912542167565,0.3205637168817008,0.4823211367196475,0.4669214006360345,0.2993557139301648,0.14513922697007764,0.9491106095131716,0.97271399848597,0.9715265040432595,0.9690217861239687,0.9684546327796277,0.9790124316732162,0.948579031179702,0.9526697204487837,0.9074036688036026,0.8748016244296946,0.906137818861509,0.9120231212283543
23,0.9554117035160896,0.9356561643767799,0.9847000125999396,0.7270325708188652,0.9161660432213545,0.8332740521559219,0.5612500243926154,0.9407546579540241,0.8794193214895558,0.7926461679224848,0.6135119608242827,0.839034063711648,0.812111052324593,0.8181056815797852,0.8156104501453701,0.9422196981870551,0.4319842393977288,0.7776775540815131,0.17128078799353608,0.24638411608878497,0.5875624764869622,0.569912542167565,0.0,0.5052696452176093,0.3090081143047654,0.23023369599719679,0.882703530815139,0.8956233995845919,0.9299969552668935,0.9415980126676832,0.9394788292771057,0.9594780180099631,0.9367511007716086,0.7295729343170674,0.9905934562671653,0.9907272145924862,0.9771338441709385,0.9628057216689558,0.9813999521228839,0.9824831439926922
24,0.7874450083106124,0.9582551166823691,0.9594734971924775,0.30835918780349025,0.8816101141409166,0.9422459403763249,0.18845985241857988,0.9690204973934332,0.47929040346679097,0.2929210607181606,0.3183455256092125,0.32127208251843,0.6353522315803142,0.6583726454321204,0.6503768951232678,0.971237951826098,0.1673191661917569,0.3233322151403254,0.18995016173508172,0.11961312042053995,0.3606290459723114,0.3205637168817008,0.5052696452176093,0.0,0.07105783239154961,0.09834129339669317,0.562844470030716,0.4912849671432853,0.9480081430104458,0.969111880354187,0.9628329538256135,0.9729604307776551,0.9529006189176205,0.3170596996686217,0.9624735228705615,0.9637883949651233,0.9194599286999849,0.8802196378474041,0.927991115541305,0.9317456031139246
25,0.8539401515968104,0.9501547487368175,0.9666892106296209,0.21536034480215793,0.8675884222148892,0.9059545770714946,0.12765241764450863,0.9629409573161392,0.67234380218703,0.5067239964173962,0.4823373527533569,0.5651366355799562,0.7336402167003182,0.7486226086097075,0.7432739917025069,0.9671274530516824,0.07034378446378475,0.5472876281166995,0.04543401246261425,0.054199124789288455,0.5108993397770376,0.4823211367196475,0.3090081143047654,0.07105783239154961,0.0,0.030765504337230576,0.7158589551737096,0.68057908243305,0.9491696753454073,0.9603524560939727,0.9525257571092483,0.9658722158277361,0.9403586891876112,0.217914807740485,0.9674687794105591,0.9682997961149977,0.9358540969123088,0.9002684727460479,0.9377176966187917,0.9424697657911936
26,0.8765204354153734,0.9571960917970218,0.9611354935944734,0.34476346345388886,0.8839262240294627,0.8902665886592389,0.20044498115135745,0.9665755089974971,0.745641351025442,0.4623570548596557,0.49032810699936835,0.5688366296616392,0.6226663483526713,0.6455910986816988,0.6374897093676964,0.9691636756669725,0.10769600372908716,0.48877870714550775,0.06709065463180353,0.03390251752931417,0.5169821693055746,0.4669214006360345,0.23023369599719679,0.09834129339669317,0.030765504337230576,0.0,0.7675598494747875,0.7555408933189436,0.9437073449179945,0.9668047386091121,0.9603093898462919,0.9714018020218916,0.9498396188517083,0.3514591666098891,0.9695512686085268,0.969380873871157,0.9344249263303482,0.8933726460460412,0.9419730567758905,0.9450962141927317
27,0.7050928435621964,0.35016877277226255,0.9900938608135079,0.9427898221086969,0.43681252638985857,0.9908071747317446,0.6466211911195643,0.3367012704496237,0.20748269427037214,0.3795671125897103,0.2101037621964401,0.27414386266608626,0.47145297156367627,0.4474569359382997,0.45523795458521854,0.33606068449349347,0.9166352104250024,0.2475025337742638,0.7820678647280078,0.6670345427520163,0.2833973975869345,0.2993557139301648,0.882703530815139,0.562844470030716,0.7158589551737096,0.7675598494747875,0.0,0.09523159558528205,0.3388681420226871,0.34055613309427435,0.3438578120456873,0.545977234917491,0.35353263553449954,0.9591484776523945,0.9499596870794442,0.9562565384771291,0.9220721565749359,0.8887733573724951,0.910154088500075,0.9208138934368721
28,0.6525675698145184,0.6854413533482909,0.9930718875210084,0.9484957212768875,0.7566505285739524,0.9916393276314746,0.7666715894557118,0.7001942432813522,0.03257463767130375,0.2861046168849738,0.08738942340143419,0.12277247168620642,0.7775768110638412,0.765973688419921,0.769747963611818,0.7039649277510305,0.9400810519013916,0.2715276147961623,0.7780113005372856,0.7230909767889606,0.11454889054700235,0.14513922697007764,0.8956233995845919,0.4912849671432853,0.68057908243305,0.7555408933189436,0.09523159558528205,0.0,0.708475267377639,0.7046231753497874,0.7041843348441392,0.810683696134711,0.7044315821156005,0.9617390042306388,0.9451880215070364,0.9516546653940804,0.9117754045993381,0.8802111836263045,0.898796614429945,0.9085632299304346
29,0.9515353420379445,0.05101153858425855,0.9918979544997542,0.9621220483503443,0.09648440616551346,0.9933938318787937,0.6374350038823451,0.01971889668135407,0.9181798855509683,0.8987968930642717,0.8467045141761467,0.9392730684273901,0.24593345686600787,0.20871197949760767,0.2207529863408525,0.02262306179862239,0.9313084346562369,0.6007263846121691,0.9134833855247629,0.7570522153243682,0.9592014107599369,0.9491106095131716,0.9299969552668935,0.9480081430104458,0.9491696753454073,0.9437073449179945,0.3388681420226871,0.708475267377639,0.0,0.03355488896573333,0.04240698119055686,0.22357739610991334,0.06480824092879278,0.9800984996385818,0.9849910807038229,0.9879915362582992,0.9800141160473901,0.9553838571201225,0.975103098314169,0.9815938631210858
30,0.9480151975182661,0.0301757236582616,0.9976854303962134,0.9629946744191873,0.205537204347513,0.9977650317130141,0.6325725857772589,0.006456524894728477,0.9202398442429571,0.9318330272876993,0.8574890847758102,0.9642582549371833,0.2674997554430535,0.22696794220794891,0.24027537757776485,0.006437430209482842,0.9393169727406252,0.6326985914202792,0.9187956364527253,0.775336860561385,0.9750946723085467,0.97271399848597,0.9415980126676832,0.969111880354187,0.9603524560939727,0.9668047386091121,0.34055613309427435,0.7046231753497874,0.03355488896573333,0.0,0.002559356305876115,0.36060972346745457,0.018633064428097867,0.9717604385519246,0.9844876306642587,0.98743305704527,0.9783414947048293,0.9502880035998028,0.9729487164282101,0.9790768273946195
31,0.9438012524092373,0.03478722811313961,0.9974413589378055,0.9531268380556444,0.20811904649793533,0.9974884909933692,0.6263897833589191,0.01370459421241721,0.9167235425851441,0.9293457465673326,0.8542048543879435,0.9622129019686467,0.27363192719175844,0.2333819308792735,0.24659581019554222,0.015887320321267162,0.9310484904892754,0.6335388669711968,0.9125964817877671,0.770772671167639,0.9742248905000439,0.9715265040432595,0.9394788292771057,0.9628329538256135,0.9525257571092483,0.9603093898462919,0.3438578120456873,0.7041843348441392,0.04240698119055686,0.002559356305876115,0.0,0.35702479714643653,0.00847339394371971,0.9631994029691849,0.9834177654512923,0.9862155757613811,0.9753536456639241,0.9438580736121533,0.9703651685455781,0.9764912875652698
32,0.9640961906314744,0.37850634100138225,0.9865963587140625,0.9196746792349175,0.04615295698454169,0.988168865678581,0.7589364581311674,0.3366677718147746,0.9308406291416995,0.9548387674778495,0.8949606412986665,0.9640380453089441,0.5367368387810726,0.5103786498877242,0.5186042304651224,0.3581556754437153,0.9507506852393927,0.7520014454745968,0.9370840601363581,0.8466001560210581,0.9782588585320747,0.9690217861239687,0.9594780180099631,0.9729604307776551,0.9658722158277361,0.9714018020218916,0.545977234917491,0.810683696134711,0.22357739610991334,0.36060972346745457,0.35702479714643653,0.0,0.3661032111998238,0.9596564665066152,0.9899617529979272,0.9918871041116012,0.9819440572151651,0.9553355240638951,0.980125560030549,0.9830947615607901
33,0.9370485193072378,0.04862412402324401,0.9970615323381128,0.9389563253679298,0.2186099682112178,0.997092344223022,0.6195449087572724,0.03434707095531275,0.9094656322605555,0.9236900756625084,0.851799079566592,0.9572297557654108,0.28790010283378875,0.2483995124579751,0.2613895993814571,0.039468724528699206,0.9195116749390324,0.6350618153751286,0.9038083592558598,0.7649665151340905,0.9718557517826095,0.9684546327796277,0.9367511007716086,0.9529006189176205,0.9403586891876112,0.9498396188517083,0.35353263553449954,0.7044315821156005,0.06480824092879278,0.018633064428097867,0.00847339394371971,0.3661032111998238,0.0,0.9513418621623663,0.981414287079461,0.9837187630570347,0.9725793663929025,0.9391090753470073,0.9672945712004202,0.9740216895091882
34,0.9731915546461665,0.9625751812728641,0.9683774191630848,0.004427097499192456,0.8535908274801081,0.9668910003907321,0.11230746703721284,0.9783181440886508,0.978683882204943,0.9498883268356965,0.9364527447037919,0.9681380546400975,0.9739560167147986,0.9742540934094331,0.9741049766741013,0.9859724450751431,0.10830933961428979,0.9562137994251728,0.2616605922647487,0.32707994325995093,0.9799347004125422,0.9790124316732162,0.7295729343170674,0.3170596996686217,0.217914807740485,0.3514591666098891,0.9591484776523945,0.9617390042306388,0.9800984996385818,0.9717604385519246,0.9631994029691849,0.9596564665066152,0.9513418621623663,0.0,0.9933424316831629,0.9933889492658305,0.9835125121579099,0.9738216624993973,0.9830887516082484,0.9859502895211473
35,0.052104788469582775,0.9843267184550959,0.9988667446296065,0.9919848771772709,0.9864923599974331,0.9992109227019823,0.9800473526120063,0.9849064514379425,0.9458771811640369,0.9482039088598128,0.9457517371955215,0.9458719456834644,0.9800387035065207,0.9800928126810432,0.9800621280654985,0.9853402663964227,0.9886565925008495,0.9524659994397743,0.9820258557215469,0.9762689258990562,0.9485264149045362,0.948579031179702,0.9905934562671653,0.9624735228705615,0.9674687794105591,0.9695512686085268,0.9499596870794442,0.9451880215070364,0.9849910807038229,0.9844876306642587,0.9834177654512923,0.9899617529979272,0.981414287079461,0.9933424316831629,0.0,0.00007894498091798319,0.007050437738859383,0.04766140409350028,0.009331143527295138,0.006541553918759879
36,0.05374003219592971,0.9874458482385658,0.9969382895447468,0.9919489778381593,0.9888387034873486,0.9974141651873176,0.9808385818159218,0.988198928411018,0.9516422645843734,0.950575697424381,0.9505492231244007,0.9497248271312361,0.9799930362853347,0.9803012433814289,0.9801911978021668,0.9885159522281615,0.9877978706937133,0.9549601340508432,0.9826245090105342,0.9765105457938088,0.9531656400526614,0.9526697204487837,0.9907272145924862,0.9637883949651233,0.9682997961149977,0.969380873871157,0.9562565384771291,0.9516546653940804,0.9879915362582992,0.98743305704527,0.9862155757613811,0.9918871041116012,0.9837187630570347,0.9933889492658305,0.00007894498091798319,0.0,0.007208482194334009,0.04804848630740588,0.009843076963848785,0.0068422994372518975
37,0.039149911320698005,0.9750147654598731,0.9964213485745295,0.9802068266790285,0.9818808257868444,0.9980128236482646,0.9569126044223563,0.9797217406715488,0.9141135819010973,0.8977206489172652,0.9034694512584056,0.9006074516930371,0.9500785051131185,0.9520153878111386,0.9513256958197349,0.9823285573483557,0.9631263861694316,0.8997944768040613,0.9604593641137001,0.9416932219430753,0.9109931635577923,0.9074036688036026,0.9771338441709385,0.9194599286999849,0.9358540969123088,0.9344249263303482,0.9220721565749359,0.9117754045993381,0.9800141160473901,0.9783414947048293,0.9753536456639241,0.9819440572151651,0.9725793663929025,0.9835125121579099,0.007050437738859383,0.007208482194334009,0.0,0.01980820550601492,0.0024214926038558238,0.0011366240850927412
38,0.054613492150274556,0.9398980760173561,0.9938063532261341,0.9677731658105644,0.9597960074139412,0.9967593326047416,0.927450427201642,0.9530802875014874,0.8913971754415854,0.8482595906061429,0.866827665086681,0.8637794548716803,0.9038123552990297,0.906959306028557,0.9058222521058557,0.9600724311228064,0.9333292244518261,0.839702363413085,0.9388849469475344,0.9014356226554902,0.8827580137348062,0.8748016244296946,0.9628057216689558,0.8802196378474041,0.9002684727460479,0.8933726460460412,0.8887733573724951,0.8802111836263045,0.9553838571201225,0.9502880035998028,0.9438580736121533,0.9553355240638951,0.9391090753470073,0.9738216624993973,0.04766140409350028,0.04804848630740588,0.01980820550601492,0.0,0.01798295575396225,0.02045222908620592
39,0.0368994804316477,0.9697058710781639,0.9978288349839328,0.9803322748940656,0.9771374662911891,0.9984594216690398,0.9604219863646961,0.9736662786178503,0.9014316394796709,0.9052245467485349,0.8999047203981251,0.9013218100929588,0.9655497503934947,0.9658137595072306,0.9656908244500697,0.9760388966085765,0.973244439450457,0.9104729135154845,0.9635928592705715,0.9523777240837328,0.9059884520695806,0.906137818861509,0.9813999521228839,0.927991115541305,0.9377176966187917,0.9419730567758905,0.910154088500075,0.898796614429945,0.975103098314169,0.9729487164282101,0.9703651685455781,0.980125560030549,0.9672945712004202,0.9830887516082484,0.009331143527295138,0.009843076963848785,0.0024214926038558238,0.01798295575396225,0.0,0.000669925090733936
40,0.03843469192183224,0.9762565634549575,0.9977290775495791,0.9832475308056363,0.9830108218366047,0.9985143473737335,0.9650885355074725,0.9804823148553604,0.9101345482708066,0.9094765728885383,0.9068410150941046,0.9070758432653333,0.9674637227284746,0.9681864597216447,0.9679159138568639,0.9827724803928026,0.9742871753384115,0.9145305455641958,0.9666355155583028,0.9548842851463771,0.9125422496024923,0.9120231212283543,0.9824831439926922,0.9317456031139246,0.9424697657911936,0.9450962141927317,0.9208138934368721,0.9085632299304346,0.9815938631210858,0.9790768273946195,0.9764912875652698,0.9830947615607901,0.9740216895091882,0.9859502895211473,0.006541553918759879,0.0068422994372518975,0.0011366240850927412,0.02045222908620592,0.000669925090733936,0.0
