Tree,1,2,3,4,5,6,7,8,9,10,11,12,13,14,15,16,17,18,19,20,21,22,23,24,25,26,27,28,29,30,31,32,33,34,35,36,37,38,39,40
1,0.0,0.8998942593473084,0.9682654348648309,0.8870933350250232,0.8899432350027096,0.9703226540244081,0.8303071538028116,0.9086588573128994,0.616367415439505,0.721586035194158,0.679643892496758,0.6755780718989559,0.9170944410242045,0.9101035236533471,0.911564213380366,0.9086301944441953,0.9147153382591373,0.8218709395848277,0.9296053518433858,0.8833407549248127,0.6938909687893121,0.664396941344265,0.8946603241068944,0.7160456047099404,0.7823008302040816,0.8034160332704291,0.6452050911603263,0.6117186540649457,0.8922210874374452,0.9080453574049921,0.8870212781901335,0.9037305145680539,0.8886755847772614,0.9135870100034033,0.27251331558288894,0.3236240186445025,0.4702436503619994,0.5392542534336684,0.5625007982689663,0.44107558765467253
2,0.8998942593473084,0.0,0.9870425202985366,0.9100390361142371,0.3856333017606984,0.9890006278110298,0.659301783461699,0.26150340665594074,0.8295711089800025,0.8630547609424036,0.8520511944164154,0.9054672788788771,0.7360072908633865,0.692932127734285,0.7054869797799409,0.39498255841735547,0.8718105593987551,0.7688577169543487,0.933667299669123,0.8537393499526666,0.9173110777857468,0.9306956996178857,0.9130169132130752,0.9206569142615646,0.9205220809181335,0.9191285982109648,0.4651540919103951,0.6065712915088475,0.3690180406902933,0.7557308306634481,0.6533560042489441,0.7452742148128884,0.6512175875071101,0.9424748853562247,0.9350288348709771,0.944087059258508,0.9037678397370645,0.8591649998877655,0.9087113383211369,0.9118008746149329
3,0.9682654348648309,0.9870425202985366,0.0,0.9297161523655967,0.9483400067477367,0.15519671775401617,0.9135600527227409,0.9850951788067642,0.9760806092423863,0.9309256666949727,0.9609001018529265,0.9085088569317465,0.9326804280139595,0.9304040874253116,0.9307646511691912,0.9810691189223965,0.9445826817209547,0.9600176626893194,0.9691657969711767,0.9543021476455685,0.9415336829388196,0.9377229068052669,0.9461131112353219,0.8908335924767316,0.912056623867512,0.8895011728069852,0.9652357532072068,0.9758219306333445,0.9567263940719551,0.9760778665756823,0.9773006093141845,0.9593792786250886,0.9756542054938218,0.9364985783045855,0.9788055056219793,0.9780936588635103,0.9749802177982259,0.9730302744342094,0.9795395128037152,0.9780814686050762
4,0.8870933350250232,0.9100390361142371,0.9297161523655967,0.0,0.814511671608561,0.9358750585234876,0.4266211455319165,0.9005093427346207,0.8871271448224212,0.8821442843087615,0.8785677812519694,0.8875650420518412,0.9461234996260394,0.9408010548916819,0.9411065370633999,0.9045016418314249,0.6774869309522266,0.8913158717678138,0.8503286731119116,0.8069642124787735,0.9144277601795263,0.9078495203078171,0.8242554319944283,0.5787707100024514,0.5713734276105953,0.6253658417355173,0.8545207661546798,0.8947543059029714,0.8508666214780628,0.9294921696590779,0.9154524585535531,0.9063216749244295,0.90564103929294,0.32668152051858507,0.9262462973532154,0.9226640698560611,0.8871381099932124,0.8681072491595762,0.9099251362050718,0.9026770922161579
5,0.8899432350027096,0.3856333017606984,0.9483400067477367,0.814511671608561,0.0,0.9572614637899546,0.6440685220356261,0.4284852309634119,0.8459713600947837,0.8930942802210913,0.8582671504838644,0.8897362927962895,0.7583284477529108,0.7195530595783145,0.7303222317620036,0.4504371281382554,0.8402087356945159,0.8495327979977055,0.8200634630820517,0.7944116145803184,0.9293583395154904,0.9234207311243254,0.8427823789462647,0.8895153143900832,0.8757722673281818,0.8820998663718504,0.5263371236791994,0.7457332916921302,0.3054762175598508,0.7560392069941358,0.6601627405588014,0.6079117422975598,0.6458343526492117,0.8904918835559966,0.9329987685610334,0.9367651440810187,0.9207703777756272,0.9029829545737725,0.9262609929083988,0.9248877328592994
6,0.9703226540244081,0.9890006278110298,0.15519671775401617,0.9358750585234876,0.9572614637899546,0.0,0.9122500504302963,0.9877227484508541,0.972215757454106,0.9518929744960856,0.9505942836715093,0.9518940023636525,0.9653546058615999,0.9655493979253627,0.9651219380412208,0.9841411134602204,0.9349066334597317,0.9641530507823535,0.9640404126333727,0.9521691447743139,0.9094613469306062,0.9223650351612183,0.8924537213116838,0.9079841234547972,0.8862922232097736,0.8726156247086796,0.9684112505465894,0.9766183893220853,0.963722540474912,0.9800043304387299,0.9811277017708585,0.9656910455875151,0.9794172089142547,0.9410735899016828,0.9791121293293998,0.9781448512807771,0.9785775999202013,0.9781770159595071,0.9833395382446535,0.9797016658381622
7,0.8303071538028116,0.659301783461699,0.9135600527227409,0.4266211455319165,0.6440685220356261,0.9122500504302963,0.0,0.6602203959384895,0.7906819607696497,0.6478195388867996,0.6747537081565435,0.7339864589582601,0.745745299800181,0.7134897958764209,0.7225420167468399,0.710299976909356,0.5587176263157417,0.7066204142568783,0.7720883952748578,0.6913403450171655,0.6870732568676516,0.6480453460298965,0.667514859900944,0.3587380687375628,0.33477354711224966,0.3963617684001249,0.5982981026486092,0.7282923902897526,0.677571519342139,0.8283808540374502,0.7806934884459297,0.8321491430531507,0.7723204283556401,0.5969679351263053,0.8915480579958298,0.8877228823480343,0.8809601488627158,0.8699609374087388,0.9020489308624488,0.8896737116368748
8,0.9086588573128994,0.26150340665594074,0.9850951788067642,0.9005093427346207,0.4284852309634119,0.9877227484508541,0.6602203959384895,0.0,0.8229329985637065,0.852837023266776,0.8261420091306517,0.9113676731793962,0.7892411965550628,0.7513758794820992,0.7619987783788701,0.42690370491046586,0.8873157307424465,0.7490859249722611,0.9288402654694747,0.836824198365488,0.9171400981938347,0.9107092156435501,0.9085770211969761,0.9216268991457252,0.9187602789610061,0.9230261387880396,0.3966593207723403,0.6492113126875018,0.39352483339148886,0.8019451892276663,0.7072471715866325,0.7906381615712785,0.7029280474526178,0.9394379617818882,0.9355685794133395,0.9552466667076852,0.8828062216359915,0.8446445594443687,0.8830237334340261,0.8917748789596226
9,0.616367415439505,0.8295711089800025,0.9760806092423863,0.8871271448224212,0.8459713600947837,0.972215757454106,0.7906819607696497,0.8229329985637065,0.0,0.5887575185838753,0.4842284934000913,0.3432817707936454,0.9184836890479712,0.9079481827275931,0.9099820697841502,0.85629589479015,0.8932592795733568,0.7129647796954958,0.8745675437802797,0.8258161832903965,0.29798696362533705,0.3725218409500001,0.8646820483419493,0.6093328683082871,0.7456811340065275,0.7893328756061306,0.44465135763770225,0.3080969082087028,0.8559940493408822,0.9264607829470775,0.8979232535101828,0.9183778547116971,0.8947822173313931,0.9274793370105798,0.8770191331408154,0.8819700324011802,0.866807775444224,0.8602948513560239,0.8716615095867851,0.8648427031459369
10,0.721586035194158,0.8630547609424036,0.9309256666949727,0.8821442843087615,0.8930942802210913,0.9518929744960856,0.6478195388867996,0.852837023266776,0.5887575185838753,0.0,0.35782473212291005,0.5148267751817978,0.8464376672712584,0.8235752857923606,0.8297799687724021,0.8911541476306297,0.7277481304912574,0.4909653123272525,0.8383891094969528,0.693935347120047,0.5085653056762862,0.4087318733828222,0.7513767424710023,0.4965707081156237,0.463868856682648,0.5302633192492618,0.5283073355598161,0.5482219769212053,0.8525135691036532,0.9526315989410723,0.9416866636807627,0.9553679266767297,0.9415978234474967,0.9193309232777022,0.8480577946008196,0.8607135554565235,0.7948948122648879,0.7715693712107438,0.8215452579948201,0.8137455445636698
11,0.679643892496758,0.8520511944164154,0.9609001018529265,0.8785677812519694,0.8582671504838644,0.9505942836715093,0.6747537081565435,0.8261420091306517,0.4842284934000913,0.35782473212291005,0.0,0.6168372151734743,0.8979982842153746,0.8847609070106337,0.8873671900981089,0.8727060339360337,0.590077916477699,0.4474128765962438,0.623846307804951,0.5073512354042758,0.49485580868433304,0.3693789561263223,0.5863460908964216,0.5259432575640658,0.5675708271426516,0.6328255069295423,0.4487724628711211,0.48041543910575785,0.8386194598347124,0.9444020190785032,0.9212497691246293,0.9436143963243427,0.9204075133103017,0.9235877181088693,0.8626101646653563,0.8715779886594003,0.7983325162195889,0.7800429779992107,0.8283410767517037,0.8157749384215561
12,0.6755780718989559,0.9054672788788771,0.9085088569317465,0.8875650420518412,0.8897362927962895,0.9518940023636525,0.7339864589582601,0.9113676731793962,0.3432817707936454,0.5148267751817978,0.6168372151734743,0.0,0.7687524151380853,0.7383567926879216,0.7464257627183237,0.9072229298110854,0.8666386121607693,0.7531009252583232,0.9214522783784922,0.8528461708798062,0.32661503306569806,0.43118713652253393,0.8623756117881504,0.48376401493682636,0.6566004540365489,0.6123589837686415,0.6018493023960515,0.5278465618543864,0.8887419146043207,0.9420602225051182,0.9279357650435147,0.9365318855929116,0.9255446556285186,0.9168929477135206,0.8969645166732274,0.8904761281936229,0.8987575461630992,0.8923230637475572,0.9194884917968041,0.9046339894355635
13,0.9170944410242045,0.7360072908633865,0.9326804280139595,0.9461234996260394,0.7583284477529108,0.9653546058615999,0.745745299800181,0.7892411965550628,0.9184836890479712,0.8464376672712584,0.8979982842153746,0.7687524151380853,0.0,0.10449119570096205,0.07362570054676781,0.5678968931010692,0.90272959608027,0.8916631866821765,0.9560599812334521,0.9139267870805086,0.8707720118017055,0.8703890417686291,0.9211414438730794,0.7939587257720473,0.8618229999144912,0.8083691180863042,0.7890420444364974,0.8789039503019149,0.6562743683097912,0.4941828486306661,0.3810901251141873,0.5833526612750601,0.4214187548959091,0.953705011975004,0.9639817377613362,0.959404804226728,0.9545458570952471,0.9443032281659317,0.9679448498439244,0.9616101981845114
14,0.9101035236533471,0.692932127734285,0.9304040874253116,0.9408010548916819,0.7195530595783145,0.9655493979253627,0.7134897958764209,0.7513758794820992,0.9079481827275931,0.8235752857923606,0.8847609070106337,0.7383567926879216,0.10449119570096205,0.0,0.03131084286778383,0.4981193529395037,0.8902305695784073,0.8712379031693348,0.9505892340700342,0.9008917252801178,0.8545414924541719,0.8528854548753224,0.9133959618192231,0.7704005187828898,0.8464056284074243,0.7854700512812307,0.758377536138457,0.8658561500857199,0.602111316437287,0.5251952100438627,0.40450674062462316,0.5500599561625149,0.39664331959505744,0.9510445299176943,0.9621651840514773,0.9550622453395873,0.9508298902928668,0.9400829537955336,0.9661599274088684,0.959235821867078
15,0.911564213380366,0.7054869797799409,0.9307646511691912,0.9411065370633999,0.7303222317620036,0.9651219380412208,0.7225420167468399,0.7619987783788701,0.9099820697841502,0.8297799687724021,0.8873671900981089,0.7464257627183237,0.07362570054676781,0.03131084286778383,0.0,0.5189039054482226,0.8924180354247043,0.8774180853650024,0.9517027103580418,0.9039649960568632,0.8578538514166577,0.8567270828778228,0.9148222171927002,0.7767823288675181,0.8503403342589345,0.7916647556314458,0.7669298357934039,0.8692814851747603,0.6180935649922877,0.5166058317730562,0.3979490025995801,0.5594783535675434,0.389949939013191,0.9511225312301415,0.9622072868435976,0.9560911536543227,0.9512235995683711,0.9404351616932455,0.965805459186472,0.9592291284353599
16,0.9086301944441953,0.39498255841735547,0.9810691189223965,0.9045016418314249,0.4504371281382554,0.9841411134602204,0.710299976909356,0.42690370491046586,0.85629589479015,0.8911541476306297,0.8727060339360337,0.9072229298110854,0.5678968931010692,0.4981193529395037,0.5189039054482226,0.0,0.9261113309589766,0.8489675208969601,0.9400291802686728,0.8966314565001218,0.9298100824941421,0.9226186865550353,0.9216577916974242,0.9288376777396041,0.9180393209732295,0.9219612471859628,0.5319406709692904,0.7394949305294781,0.2619546330165127,0.6010348312527576,0.4390079066887845,0.5847378092744219,0.4340764380957645,0.9337357382676803,0.9321814868804666,0.9432537835869215,0.9208028661364235,0.9059533236954298,0.9196682588076293,0.9255397078017414
17,0.9147153382591373,0.8718105593987551,0.9445826817209547,0.6774869309522266,0.8402087356945159,0.9349066334597317,0.5587176263157417,0.8873157307424465,0.8932592795733568,0.7277481304912574,0.590077916477699,0.8666386121607693,0.90272959608027,0.8902305695784073,0.8924180354247043,0.9261113309589766,0.0,0.604199846921014,0.4574694963051864,0.33903057489563737,0.7532612137334732,0.7076192127177354,0.47440867143332216,0.5493014013924299,0.5155320694782374,0.5496920159372154,0.8737073722937598,0.8813001010248439,0.8835651113485454,0.9471363610740526,0.9367472444033157,0.9483940059331746,0.923314984308879,0.8017007978124012,0.9476926839531793,0.947943068381798,0.8766486376717588,0.8329550866245177,0.9051602101290716,0.9027486297017264
18,0.8218709395848277,0.7688577169543487,0.9600176626893194,0.8913158717678138,0.8495327979977055,0.9641530507823535,0.7066204142568783,0.7490859249722611,0.7129647796954958,0.4909653123272525,0.4474128765962438,0.7531009252583232,0.8916631866821765,0.8712379031693348,0.8774180853650024,0.8489675208969601,0.604199846921014,0.0,0.7565529769862535,0.5304845119137924,0.7143779726840338,0.6463618941753493,0.6925491281652543,0.7327427405437381,0.7122238981335044,0.7373311361788499,0.6445953621016758,0.6439569800525632,0.7963734470377162,0.9497886995568386,0.9322329629257016,0.9416555031113464,0.9266944671227441,0.9330091626541435,0.8683400488546257,0.8748998016061685,0.7940975287137478,0.7451125698631185,0.820573309989809,0.8144596630273535
19,0.9296053518433858,0.933667299669123,0.9691657969711767,0.8503286731119116,0.8200634630820517,0.9640404126333727,0.7720883952748578,0.9288402654694747,0.8745675437802797,0.8383891094969528,0.623846307804951,0.9214522783784922,0.9560599812334521,0.9505892340700342,0.9517027103580418,0.9400291802686728,0.4574694963051864,0.7565529769862535,0.0,0.1996525963104512,0.8324124726636153,0.7808354341935057,0.5167091739758505,0.7743146702476937,0.7426469215808513,0.7648297093347608,0.8712209286846446,0.8991786325663275,0.9160491192844438,0.9594647887465824,0.948935368381383,0.9646377591546634,0.9380733599457709,0.9194429392144277,0.93671821538163,0.9437893798926532,0.8736531142437887,0.8587734538246621,0.8795646784481164,0.8917661291778772
20,0.8833407549248127,0.8537393499526666,0.9543021476455685,0.8069642124787735,0.7944116145803184,0.9521691447743139,0.6913403450171655,0.836824198365488,0.8258161832903965,0.693935347120047,0.5073512354042758,0.8528461708798062,0.9139267870805086,0.9008917252801178,0.9039649960568632,0.8966314565001218,0.33903057489563737,0.5304845119137924,0.1996525963104512,0.0,0.7519338654253626,0.7061679957198541,0.40210904020029614,0.7009190120920443,0.6700910965796828,0.696525173586559,0.7984670746335413,0.8303391158292219,0.8466309204503605,0.9404781045683449,0.9236107512120266,0.9463840213596949,0.9124801419306822,0.8841108416491077,0.9159233771000653,0.920661114017938,0.831140993713914,0.7948915802451231,0.8569259500267166,0.8639335743913452
21,0.6938909687893121,0.9173110777857468,0.9415336829388196,0.9144277601795263,0.9293583395154904,0.9094613469306062,0.6870732568676516,0.9171400981938347,0.29798696362533705,0.5085653056762862,0.49485580868433304,0.32661503306569806,0.8707720118017055,0.8545414924541719,0.8578538514166577,0.9298100824941421,0.7532612137334732,0.7143779726840338,0.8324124726636153,0.7519338654253626,0.0,0.1846454589767458,0.5612304651843169,0.4694900528781356,0.4934527842934344,0.5258877888735874,0.5927514986486259,0.49889409442684274,0.8986655886526453,0.9617956547356494,0.9524067727671933,0.962592924241564,0.9516157039176504,0.9371596423998435,0.9010195576298263,0.9010289395934346,0.8882463203323778,0.8787290920938061,0.9126467235387753,0.8969270185101269
22,0.664396941344265,0.9306956996178857,0.9377229068052669,0.9078495203078171,0.9234207311243254,0.9223650351612183,0.6480453460298965,0.9107092156435501,0.3725218409500001,0.4087318733828222,0.3693789561263223,0.43118713652253393,0.8703890417686291,0.8528854548753224,0.8567270828778228,0.9226186865550353,0.7076192127177354,0.6463618941753493,0.7808354341935057,0.7061679957198541,0.1846454589767458,0.0,0.5740527673543231,0.3926613110099892,0.4696144254591462,0.5290044024062006,0.5267033834178992,0.41514803412519713,0.894107673253652,0.9719602350434183,0.9617625550149148,0.9685296715207811,0.959539211910418,0.9359305747414913,0.8935299840951277,0.8974081635327917,0.8726019822195756,0.860847245535709,0.8930527676255042,0.8828906882922399
23,0.8946603241068944,0.9130169132130752,0.9461131112353219,0.8242554319944283,0.8427823789462647,0.8924537213116838,0.667514859900944,0.9085770211969761,0.8646820483419493,0.7513767424710023,0.5863460908964216,0.8623756117881504,0.9211414438730794,0.9133959618192231,0.9148222171927002,0.9216577916974242,0.47440867143332216,0.6925491281652543,0.5167091739758505,0.40210904020029614,0.5612304651843169,0.5740527673543231,0.0,0.6440429116056388,0.4851095971852676,0.44224653908886674,0.8453688408803416,0.8753117271095889,0.8866217206581223,0.9507085186195051,0.9398533586245397,0.9570141521166919,0.933963154326138,0.8852795536000634,0.9176323238564058,0.9261535452294811,0.8676796368896906,0.8441869320791352,0.8823001052057418,0.8903500013527492
24,0.7160456047099404,0.9206569142615646,0.8908335924767316,0.5787707100024514,0.8895153143900832,0.9079841234547972,0.3587380687375628,0.9216268991457252,0.6093328683082871,0.4965707081156237,0.5259432575640658,0.48376401493682636,0.7939587257720473,0.7704005187828898,0.7767823288675181,0.9288376777396041,0.5493014013924299,0.7327427405437381,0.7743146702476937,0.7009190120920443,0.4694900528781356,0.3926613110099892,0.6440429116056388,0.0,0.22766210350584312,0.233881430442912,0.6079255139764695,0.5916244195185827,0.9113453770835833,0.9464206536295087,0.9418076914156994,0.95274796656338,0.9349642895867984,0.7004264204569828,0.9018460180163277,0.9046479109450392,0.8806082852301553,0.8687027061524477,0.9051221960033042,0.8903649771934339
25,0.7823008302040816,0.9205220809181335,0.912056623867512,0.5713734276105953,0.8757722673281818,0.8862922232097736,0.33477354711224966,0.9187602789610061,0.7456811340065275,0.463868856682648,0.5675708271426516,0.6566004540365489,0.8618229999144912,0.8464056284074243,0.8503403342589345,0.9180393209732295,0.5155320694782374,0.7122238981335044,0.7426469215808513,0.6700910965796828,0.4934527842934344,0.4696144254591462,0.4851095971852676,0.22766210350584312,0.0,0.11762177718306861,0.7237736998717309,0.7426197622010521,0.9008797512842239,0.9470149908087306,0.9379789837095052,0.9534801732797985,0.9342708311975056,0.7012644542700951,0.8591095586746659,0.8681967813141799,0.8491307105053544,0.8159896221384293,0.8506920830203504,0.840151440438402
26,0.8034160332704291,0.9191285982109648,0.8895011728069852,0.6253658417355173,0.8820998663718504,0.8726156247086796,0.3963617684001249,0.9230261387880396,0.7893328756061306,0.5302633192492618,0.6328255069295423,0.6123589837686415,0.8083691180863042,0.7854700512812307,0.7916647556314458,0.9219612471859628,0.5496920159372154,0.7373311361788499,0.7648297093347608,0.696525173586559,0.5258877888735874,0.5290044024062006,0.44224653908886674,0.233881430442912,0.11762177718306861,0.0,0.7613699646548859,0.7835536499678291,0.8977649787528871,0.9454335350539184,0.939200308032215,0.9539856080327973,0.9356947412209422,0.7338736651577112,0.8612979831215564,0.8686681909348335,0.8585575171876154,0.8289692043468987,0.8613773855101265,0.8495275487928055
27,0.6452050911603263,0.4651540919103951,0.9652357532072068,0.8545207661546798,0.5263371236791994,0.9684112505465894,0.5982981026486092,0.3966593207723403,0.44465135763770225,0.5283073355598161,0.4487724628711211,0.6018493023960515,0.7890420444364974,0.758377536138457,0.7669298357934039,0.5319406709692904,0.8737073722937598,0.6445953621016758,0.8712209286846446,0.7984670746335413,0.5927514986486259,0.5267033834178992,0.8453688408803416,0.6079255139764695,0.7237736998717309,0.7613699646548859,0.0,0.2567785027775327,0.4686115989925219,0.8093267077471271,0.7361345336504718,0.7976314098242382,0.7375320664229064,0.9044268564870026,0.8651976374375283,0.8721682847896439,0.8427073436177385,0.8284935502182551,0.8670672582379405,0.8576604572012902
28,0.6117186540649457,0.6065712915088475,0.9758219306333445,0.8947543059029714,0.7457332916921302,0.9766183893220853,0.7282923902897526,0.6492113126875018,0.3080969082087028,0.5482219769212053,0.48041543910575785,0.5278465618543864,0.8789039503019149,0.8658561500857199,0.8692814851747603,0.7394949305294781,0.8813001010248439,0.6439569800525632,0.8991786325663275,0.8303391158292219,0.49889409442684274,0.41514803412519713,0.8753117271095889,0.5916244195185827,0.7426197622010521,0.7835536499678291,0.2567785027775327,0.0,0.7142825938805112,0.8790687490877245,0.8378727160752308,0.8714336798212592,0.840641267483846,0.9303879581980209,0.8745461775312364,0.8884008865497476,0.863891042172463,0.8350722023890402,0.8721926287099917,0.8653567875805818
29,0.8922210874374452,0.3690180406902933,0.9567263940719551,0.8508666214780628,0.3054762175598508,0.963722540474912,0.677571519342139,0.39352483339148886,0.8559940493408822,0.8525135691036532,0.8386194598347124,0.8887419146043207,0.6562743683097912,0.602111316437287,0.6180935649922877,0.2619546330165127,0.8835651113485454,0.7963734470377162,0.9160491192844438,0.8466309204503605,0.8986655886526453,0.894107673253652,0.8866217206581223,0.9113453770835833,0.9008797512842239,0.8977649787528871,0.4686115989925219,0.7142825938805112,0.0,0.7032206463803435,0.5827158458285648,0.6397054846504809,0.5816098334165943,0.9116337953729398,0.9267603344590324,0.9360632295972753,0.89213112996303,0.866484043480788,0.9114449526311141,0.9123431866550681
30,0.9080453574049921,0.7557308306634481,0.9760778665756823,0.9294921696590779,0.7560392069941358,0.9800043304387299,0.8283808540374502,0.8019451892276663,0.9264607829470775,0.9526315989410723,0.9444020190785032,0.9420602225051182,0.4941828486306661,0.5251952100438627,0.5166058317730562,0.6010348312527576,0.9471363610740526,0.9497886995568386,0.9594647887465824,0.9404781045683449,0.9617956547356494,0.9719602350434183,0.9507085186195051,0.9464206536295087,0.9470149908087306,0.9454335350539184,0.8093267077471271,0.8790687490877245,0.7032206463803435,0.0,0.2316468869270915,0.4878255548408542,0.2936907230624971,0.9426364584797292,0.9653460509140763,0.9670953598434806,0.9548849200891562,0.9378562255408914,0.9646674566737603,0.9572033667108746
31,0.8870212781901335,0.6533560042489441,0.9773006093141845,0.9154524585535531,0.6601627405588014,0.9811277017708585,0.7806934884459297,0.7072471715866325,0.8979232535101828,0.9416866636807627,0.9212497691246293,0.9279357650435147,0.3810901251141873,0.40450674062462316,0.3979490025995801,0.4390079066887845,0.9367472444033157,0.9322329629257016,0.948935368381383,0.9236107512120266,0.9524067727671933,0.9617625550149148,0.9398533586245397,0.9418076914156994,0.9379789837095052,0.939200308032215,0.7361345336504718,0.8378727160752308,0.5827158458285648,0.2316468869270915,0.0,0.4014436475852287,0.0972016791634961,0.9358962567474639,0.957502484363412,0.9606341158586579,0.9390846198856447,0.9179291964078635,0.9519338464997046,0.9425930976157568
32,0.9037305145680539,0.7452742148128884,0.9593792786250886,0.9063216749244295,0.6079117422975598,0.9656910455875151,0.8321491430531507,0.7906381615712785,0.9183778547116971,0.9553679266767297,0.9436143963243427,0.9365318855929116,0.5833526612750601,0.5500599561625149,0.5594783535675434,0.5847378092744219,0.9483940059331746,0.9416555031113464,0.9646377591546634,0.9463840213596949,0.962592924241564,0.9685296715207811,0.9570141521166919,0.95274796656338,0.9534801732797985,0.9539856080327973,0.7976314098242382,0.8714336798212592,0.6397054846504809,0.4878255548408542,0.4014436475852287,0.0,0.4092961305691476,0.931357326482908,0.9669396353328977,0.9677661908891048,0.9527288703673165,0.931228212678106,0.9630914548146242,0.9551823388238749
33,0.8886755847772614,0.6512175875071101,0.9756542054938218,0.90564103929294,0.6458343526492117,0.9794172089142547,0.7723204283556401,0.7029280474526178,0.8947822173313931,0.9415978234474967,0.9204075133103017,0.9255446556285186,0.4214187548959091,0.39664331959505744,0.389949939013191,0.4340764380957645,0.923314984308879,0.9266944671227441,0.9380733599457709,0.9124801419306822,0.9516157039176504,0.959539211910418,0.933963154326138,0.9349642895867984,0.9342708311975056,0.9356947412209422,0.7375320664229064,0.840641267483846,0.5816098334165943,0.2936907230624971,0.0972016791634961,0.4092961305691476,0.0,0.9306714474631781,0.9609990706043451,0.9593974015342328,0.941531878323685,0.9178186876859359,0.9555077500062893,0.9442346562359482
34,0.9135870100034033,0.9424748853562247,0.9364985783045855,0.32668152051858507,0.8904918835559966,0.9410735899016828,0.5969679351263053,0.9394379617818882,0.9274793370105798,0.9193309232777022,0.9235877181088693,0.9168929477135206,0.953705011975004,0.9510445299176943,0.9511225312301415,0.9337357382676803,0.8017007978124012,0.9330091626541435,0.9194429392144277,0.8841108416491077,0.9371596423998435,0.9359305747414913,0.8852795536000634,0.7004264204569828,0.7012644542700951,0.7338736651577112,0.9044268564870026,0.9303879581980209,0.9116337953729398,0.9426364584797292,0.9358962567474639,0.931357326482908,0.9306714474631781,0.0,0.9463918430959354,0.9434178676228485,0.9302788779149067,0.9203659155750226,0.9467932733824175,0.9396707498155981
35,0.27251331558288894,0.9350288348709771,0.9788055056219793,0.9262462973532154,0.9329987685610334,0.9791121293293998,0.8915480579958298,0.9355685794133395,0.8770191331408154,0.8480577946008196,0.8626101646653563,0.8969645166732274,0.9639817377613362,0.9621651840514773,0.9622072868435976,0.9321814868804666,0.9476926839531793,0.8683400488546257,0.93671821538163,0.9159233771000653,0.9010195576298263,0.8935299840951277,0.9176323238564058,0.9018460180163277,0.8591095586746659,0.8612979831215564,0.8651976374375283,0.8745461775312364,0.9267603344590324,0.9653460509140763,0.957502484363412,0.9669396353328977,0.9609990706043451,0.9463918430959354,0.0,0.11686038521904545,0.45702457992577894,0.5822202232489673,0.5370321178971666,0.41339622627117534
36,0.3236240186445025,0.944087059258508,0.9780936588635103,0.9226640698560611,0.9367651440810187,0.9781448512807771,0.8877228823480343,0.9552466667076852,0.8819700324011802,0.8607135554565235,0.8715779886594003,0.8904761281936229,0.959404804226728,0.9550622453395873,0.9560911536543227,0.9432537835869215,0.947943068381798,0.8748998016061685,0.9437893798926532,0.920661114017938,0.9010289395934346,0.8974081635327917,0.9261535452294811,0.9046479109450392,0.8681967813141799,0.8686681909348335,0.8721682847896439,0.8884008865497476,0.9360632295972753,0.9670953598434806,0.9606341158586579,0.9677661908891048,0.9593974015342328,0.9434178676228485,0.11686038521904545,0.0,0.5304540928491347,0.6400813170457228,0.611052228465944,0.4967548545652676
37,0.4702436503619994,0.9037678397370645,0.9749802177982259,0.8871381099932124,0.9207703777756272,0.9785775999202013,0.8809601488627158,0.8828062216359915,0.866807775444224,0.7948948122648879,0.7983325162195889,0.8987575461630992,0.9545458570952471,0.9508298902928668,0.9512235995683711,0.9208028661364235,0.8766486376717588,0.7940975287137478,0.8736531142437887,0.831140993713914,0.8882463203323778,0.8726019822195756,0.8676796368896906,0.8806082852301553,0.8491307105053544,0.8585575171876154,0.8427073436177385,0.863891042172463,0.89213112996303,0.9548849200891562,0.9390846198856447,0.9527288703673165,0.941531878323685,0.9302788779149067,0.45702457992577894,0.5304540928491347,0.0,0.2158820590353706,0.16224621911242113,0.07382650375677173
38,0.5392542534336684,0.8591649998877655,0.9730302744342094,0.8681072491595762,0.9029829545737725,0.9781770159595071,0.8699609374087388,0.8446445594443687,0.8602948513560239,0.7715693712107438,0.7800429779992107,0.8923230637475572,0.9443032281659317,0.9400829537955336,0.9404351616932455,0.9059533236954298,0.8329550866245177,0.7451125698631185,0.8587734538246621,0.7948915802451231,0.8787290920938061,0.860847245535709,0.8441869320791352,0.8687027061524477,0.8159896221384293,0.8289692043468987,0.8284935502182551,0.8350722023890402,0.866484043480788,0.9378562255408914,0.9179291964078635,0.931228212678106,0.9178186876859359,0.9203659155750226,0.5822202232489673,0.6400813170457228,0.2158820590353706,0.0,0.17461676445363472,0.24756654778454654
39,0.5625007982689663,0.9087113383211369,0.9795395128037152,0.9099251362050718,0.9262609929083988,0.9833395382446535,0.9020489308624488,0.8830237334340261,0.8716615095867851,0.8215452579948201,0.8283410767517037,0.9194884917968041,0.9679448498439244,0.9661599274088684,0.965805459186472,0.9196682588076293,0.9051602101290716,0.820573309989809,0.8795646784481164,0.8569259500267166,0.9126467235387753,0.8930527676255042,0.8823001052057418,0.9051221960033042,0.8506920830203504,0.8613773855101265,0.8670672582379405,0.8721926287099917,0.9114449526311141,0.9646674566737603,0.9519338464997046,0.9630914548146242,0.9555077500062893,0.9467932733824175,0.5370321178971666,0.611052228465944,0.16224621911242113,0.17461676445363472,0.0,0.1827300502575766
40,0.44107558765467253,0.9118008746149329,0.9780814686050762,0.9026770922161579,0.9248877328592994,0.9797016658381622,0.8896737116368748,0.8917748789596226,0.8648427031459369,0.8137455445636698,0.8157749384215561,0.9046339894355635,0.9616101981845114,0.959235821867078,0.9592291284353599,0.9255397078017414,0.9027486297017264,0.8144596630273535,0.8917661291778772,0.8639335743913452,0.8969270185101269,0.8828906882922399,0.8903500013527492,0.8903649771934339,0.840151440438402,0.8495275487928055,0.8576604572012902,0.8653567875805818,0.9123431866550681,0.9572033667108746,0.9425930976157568,0.9551823388238749,0.9442346562359482,0.9396707498155981,0.41339622627117534,0.4967548545652676,0.07382650375677173,0.24756654778454654,0.1827300502575766,0.0
