Species,?,Object,Tree,Vial,cis-3-hexenal,"2-Hexenal, (E)-",alpha-thujene,alpha-Pinene,alpha-fenchene,Camphene,н/и RI 965.22,1-Octen-3-ol,Sabinene,beta-Myrcene+beta-Pinene,3-Carene,Limonene,beta-Phellandrene,gamma-Terpinene,Terpinolene,Fenchone,alpha-Thujone,beta-Thujone,Camphor,Fenchyl acetate,Sabinene hydrate acetate,Neothujyl acetate,trans-Sabinyl acetate,Bornyl acetate,Safrole,Methyl myrtenate,Pregeijerene B,delta-Elemene,alpha-Terpinyl acetate,Geranyl acetate,alpha-Copaene,beta-Elemene,gamma-Elemene,Caryophyllene,(E)-beta-Farnesene,beta-Cedrene,"6,9-Guaiadiene",cis-Thujopsene,Humulene,н/и RI 1518.6,beta-Chamigrene,н/и RI 1525.21,delta-Cadinene,н/и RI 1540.22,н/и RI 1542.49,10-epi-Cubebol,(E)-Nerolidol,н/и RI 1564.91,Elemol,н/и RI 1569.20,н/и RI 1570.88,cis-Muurol-5-en-4-beta-ol,cis-Muurol-5-en-4-alpha-ol,Germacrene D-4-ol,Caryophyllene oxide,"н/и RI 1628.9 (сесквитерпеновый спирт, ряд туйопсанола)",Thujopsan-2-alpha-ol,Cedrol,Microbiotol,alpha-Bisabolol
Thuja plicata,,238174,1,"[1,2,3]",54.73,2.03,70.99333333333333,269.02666666666664,52.43333333333334,48.06,,4.555,2197.6966666666667,402.33666666666664,,143.41,5.453333333333333,5.683333333333334,38.516666666666666,475.77666666666664,5865.956666666666,311.45,79.06333333333335,16.673333333333332,259.35999999999996,9.053333333333333,4.3,139.08,,,,,101.25,14.159999999999998,,54.05333333333334,,28.680000000000003,,,71.02666666666666,,5.723333333333334,,,,,,,,,,,,90.44,,,249.65333333333334,,,,,,
Juniperus rigida,,318939,2,"[4,5,6]",71.66666666666667,29.653333333333336,4.153333333333333,2127.4233333333336,,11.163333333333334,7.003333333333333,3.3900000000000006,,229.91666666666666,19.34,62.51000000000001,33.86666666666667,,7.863333333333333,6.06,,,,1.9933333333333334,,,,24.28333333333333,,,,,,,3.3366666666666664,10.096666666666666,70.42,437.29333333333335,,,,,263.90333333333336,,,,3.3,,,,6.580000000000001,,5.255,,,,,,3.9499999999999997,,,,,11.06
Microbiota decussata,,4/73,3,"[7,8,9]",49.17666666666667,3.24,12.343333333333334,58.28666666666667,13.803333333333333,,,,188.21,43.906666666666666,513.4766666666667,593.2233333333334,4.163333333333333,2.376666666666667,43.923333333333325,,,,,,2.77,,,,,,,,5.926666666666667,,,9.24,,,402.75666666666666,231.53666666666666,,479.7166666666667,16.43,,294.56666666666666,72.67333333333333,,247.64,,9.455,,380.46000000000004,,,,,,1701.2866666666666,,309.5466666666666,33629.88,455.0133333333333,1155.4733333333334,278.56666666666666
Chamaecyparis lawsoniana,'Ellwoodii',247596,4,"[10,11,12]",23.11,2.42,5.116666666666666,61.63666666666668,14.396666666666668,2.1,,1.4333333333333333,66.78999999999999,167.51333333333332,293.5,4768.406666666667,11.426666666666668,6.920000000000001,51.22,3.5,,,4.763333333333333,3.3433333333333333,83.64,,,26.226666666666663,,39.02333333333333,,,134.24,73.91,,14.393333333333333,2.3966666666666665,41.36333333333334,,16.259999999999998,,27.290000000000003,30.27333333333333,,,,25.92,,,481.0,,28.16,,,13.923333333333332,458.71999999999997,48.43,210.3133333333333,,16.3,120.55999999999999,52.76333333333334,28.363333333333333,16.49
Cupressus nootkatensis,,202515,5,"[13,14,15]",29.72666666666667,,5.843333333333334,2211.21,35.07333333333333,9.223333333333334,,5.096666666666667,15.553333333333333,206.1266666666667,1654.0533333333333,362.51666666666665,29.973333333333333,2.6,34.28666666666667,,,,,1.36,5.833333333333333,,,6.920000000000001,,,,,11.456666666666665,,9.106666666666667,,,,,,,,,8.253333333333332,,,8.83,,,3.7166666666666663,3.31,,,,,7.81,2.9450000000000003,84.79,,,,,,6.286666666666666
Microbiota decussata,,20140030,6,"[16,17,18]",41.81333333333333,2.5933333333333333,16.706666666666667,64.88333333333333,14.116666666666667,,,1.6,277.45,56.39666666666667,532.7566666666667,806.5500000000001,5.06,2.58,37.06,,,,,,6.186666666666667,,,,,,,2.09,10.736666666666666,,,14.37,6.456666666666667,,355.6499999999999,171.99,,387.2033333333334,11.055,,227.29999999999998,56.50666666666666,,195.37,,,,288.29333333333335,6737.456666666666,,,,,765.4466666666667,,365.02666666666664,39566.136666666665,521.3399999999999,1106.11,281.93
Juniperus davurica,,20140023,7,"[19,20,21]",34.35,5.010000000000001,11.753333333333332,1423.9333333333334,1.1,7.400000000000001,50.94333333333333,7.63,428.99,252.39999999999998,1.35,3621.2233333333334,23.74,2.936666666666667,40.07333333333333,,,,,2.2433333333333336,30.78,,,7.996666666666667,,,15.25,10.773333333333333,66.21666666666665,,,14.513333333333334,46.49666666666667,23.41,,,,1.89,5.863333333333333,,,,5.483333333333333,,11.553333333333333,,5.046666666666667,,544.4633333333334,,,,,1105.8666666666666,,,5.27,,,
Juniperus rigida,,252947,8,"[22,23,24]",63.315,7.06,3.375,1688.84,7.055,8.735,,3.8499999999999996,,106.655,76.525,21.86,8.425,2.9299999999999997,16.26,2.92,,,,21.275,,,,34.265,,,,,,,,2.475,6.785,79.22,,,,2.08,49.995,,,,23.48,,,,21.950000000000003,,,,,,,16.86,,,,,,
Thujopsis dolabrata,'Variegata',299338/72,9,"[25,26]",30.745,,60.46,273.21000000000004,1.38,2.7,,3.77,3825.37,281.64,88.025,58.085,3.9800000000000004,33.67,11.71,,,,,,59.64,,,2.6449999999999996,,,,,28.905,3.2199999999999998,2.425,11.35,,44.230000000000004,,,,,20.93,,,,20.009999999999998,,,,,,132.79500000000002,,,,,19.475,,,,,,
Juniperus chinensis,var. sargentii,423705,10,"[27,28]",49.32,5.74,26.38,107.50999999999999,,1.395,,5.735,1273.9299999999998,95.525,,55.614999999999995,,2.095,8.780000000000001,,3.92,67.12,,,33.11,,511.33,1.9,4.61,,,14.219999999999999,,,12.84,17.810000000000002,30.285000000000004,84.745,,,,,12.25,14.285,,,11.905000000000001,,,,,,25.855,,,,,1100.945,,,,,,
Juniperus scopulorum,,305660,11,"[29,30]",26.145,3.195,34.45,203.275,,7.5600000000000005,,4.855,1413.44,76.1,17.665,80.21000000000001,,1.605,5.825,,,,11.115,,19.72,,,78.34,,,58.155,2.39,,,,3.825,7.984999999999999,14.435,,,,,3.715,,,,,,9.14,,,,391.275,,,,,414.40999999999997,,,,,,
Juniperus pseudosabina,,342963/79,12,"[31,32]",20.935000000000002,3.54,82.82,177.86,5.165,,,,5455.125,260.485,93.235,106.08,,6.07,48.405,,,4.49,,,98.14,,271.87,,,,,4.325,,,,9.934999999999999,15.745,22.759999999999998,,,,,12.83,,,,9.670000000000002,,,,,,9.17,,,,,2434.0550000000003,,,,,,
Juniperus pseudosabina,(J.turkestanica),236061,13,"[33,34]",31.975,4.68,7.935,8200.795,,24.34,,,5.855,560.395,13.620000000000001,55.055,64.42999999999999,,9.870000000000001,,,,,,,,,25.995,,,,77.495,,,,89.565,287.705,92.935,,,,,16.54,,,10.115,,,,,49.535,,154.71499999999997,,,,,7563.26,,,,,,
Juniperus pseudosabina,(J.turkestanica),254450,14,"[35,36]",,,7.515000000000001,7015.065,,22.225,,,5.074999999999999,484.135,20.965,48.865,56.870000000000005,,9.48,,,,,,,,,22.295,,,,76.255,,,,77.235,252.625,79.64,,,,,15.09,,,,,,,,45.66,,136.68,,,,,5702.22,,,,,,
Juniperus communis,var. saxatilis (J. sibirica),28043,15,"[37,38]",15.725,,7.91,7330.290000000001,,23.15,,,5.305,502.85,24.025,50.724999999999994,57.995,,9.844999999999999,,,,,,,,,24.66,,,,76.97,,,,81.97,263.435,84.09,,,,,14.985,,,,,,,,49.93000000000001,,145.235,,,,,6218.66,,,,,,
Juniperus communis,(J. suecica),249972,16,"[39,40]",76.22,15.29,8.395,4337.655000000001,3.96,11.475000000000001,,2.31,13.629999999999999,175.255,85.845,26.62,44.665000000000006,,16.580000000000002,,,,,,,,,19.020000000000003,,,,4.550000000000001,,,34.125,41.254999999999995,8.485,17.1,,,,,17.645,,,5.17,30.865000000000002,,,,,,,,,,,65.72,,,,,,27.875
Juniperus virginiana,,248592,17,"[41,42]",17.134999999999998,,2.79,52.315,,,,15.7,7.005,34.99,,1196.745,,,5.9399999999999995,,,,,,,,,15.39,13.8,,69.23,12.05,,,,10.725,16.695,141.7,,,,,9.0,,,,,,12.870000000000001,,,,368.145,,,,,479.24,9.825,,,,,
Juniperus virginiana,,315380,18,"[43,44]",2.15,,8.625,281.4,,1.46,,9.96,486.18,45.900000000000006,12.879999999999999,17.145,,,2.42,,,,,,,,,,,,3.9349999999999996,9.260000000000002,,,,9.725,12.215,174.55,,,,,7.93,,,,6.305,,,,,,13.15,,,,,505.625,19.950000000000003,,,,,
Juniperus virginiana,,315380,19,"[45,46]",2.9,2.51,2.365,33.305,,,,12.01,95.175,12.379999999999999,2.86,381.15,,,,,,,,,1.865,,,,5.345,,48.545,,,,,2.2649999999999997,3.495,11.79,,,,,2.2,,,,,,8.9,,,,314.075,,,,,112.66499999999999,2.48,,,,,
Juniperus virginiana,,315380,20,"[47,48]",8.995,13.645,2.8499999999999996,134.675,,,,14.379999999999999,120.78,22.97,3.09,426.765,,,4.23,,,,,,2.785,,,,21.715,,47.2,6.09,,,,7.155,17.48,70.005,,,,,4.71,,,,3.605,,14.44,,,,309.975,,,,,311.675,3.45,,,,,
Juniperus virginiana,,45989,21,"[49,50]",19.28,3.715,46.795,95.99000000000001,1.8,1.41,,8.105,4202.8099999999995,101.69,27.439999999999998,49.405,,3.355,15.685,,,,,,2.26,,,2.2199999999999998,56.435,,322.82,12.305,,,,19.605,51.474999999999994,66.94999999999999,,,,,7.455,,,,,,29.105,,4.75,,1399.13,,,,,979.535,,4.51,,,,
Juniperus virginiana,,45989,22,"[51,52]",25.985,4.41,30.585,70.85499999999999,2.0300000000000002,,,8.075,2738.575,86.33000000000001,50.205,27.795,,2.96,8.04,,,,,,,,,,5.045,,208.39499999999998,,,,,5.895,9.91,26.255000000000003,,,,,5.83,,,,,,24.575,,,,940.545,,,,,1013.965,,,,,,
Juniperus virginiana,,45989,23,"[53,54]",41.525000000000006,5.885,3.79,100.425,,,,5.83,152.375,23.235,2.085,513.31,,,2.6500000000000004,,,,,,2.465,,,,40.625,,114.95,2.665,,,,6.775,12.435,18.035,,,,,5.035,,,,,,35.885000000000005,,,,1808.1950000000002,,,,,383.975,,,,,,
Juniperus sabina,,18,24,[55],48.86,4.6,20.6,54.21,,,,3.17,1975.17,101.89,,2641.44,3.49,2.57,6.23,,,,,,32.93,,,2.81,13.83,,35.15,8.52,,,27.82,25.72,20.42,99.32,,,,,20.68,75.66,,,25.55,,,,,,728.19,,,,,2018.02,,,,,,
Juniperus sabina,,18,25,[56],57.35,4.96,17.66,62.88,,,,6.25,948.29,120.59,4.72,2471.62,,3.01,2.88,,12.23,242.63,,,29.29,7.16,233.09,,,,37.95,5.01,,,31.23,24.9,11.45,39.32,,,,,18.43,54.92,,,20.58,,53.09,,,,1324.59,,,,,1132.07,,,,,,
Juniperus sabina,,18,26,[57],58.29,3.52,18.24,56.96,,,,4.82,771.64,117.12,3.59,2215.55,,3.4,24.78,,13.9,291.97,,,27.96,10.85,228.65,,,,46.48,9.17,,,26.63,26.39,54.82,42.29,,,,,18.49,51.7,,,29.28,,55.19,,,,1771.58,,,,,1813.32,,,,,,
Juniperus communis,,45990,27,[58],102.25,9.5,74.3,1609.98,5.03,5.12,,,1822.03,175.7,116.34,73.55,22.63,14.04,60.0,,,,,,,,,7.54,,,,8.7,,,,111.66,39.8,42.8,,,,,40.54,23.09,,7.93,36.18,,,,,,5.31,,,,,151.76,,,,,,9.93
Juniperus communis,,45990,28,[59],90.87,5.92,86.08,773.24,,3.98,,,2531.47,164.15,,82.29,10.72,15.74,54.19,,,,,,7.5,,,3.22,,,,9.81,7.64,,,85.5,10.33,262.39,,,,,165.59,23.26,,9.3,66.39,,,,,,6.55,,,,,20.96,,,,,,
Juniperus communis,,45990,29,[60],77.95,9.92,5.71,3049.24,20.0,5.17,,,12.45,121.78,685.29,24.36,12.7,,55.6,,,,,,,,,7.97,,,,13.43,19.84,,,126.44,144.13,26.47,,,,,32.23,,,13.96,5.75,,,,,,14.45,,,,,174.39,,,,,,
Chamaecyparis pisifera,,49612,30,[61],66.04,7.51,88.51,14714.15,,83.27,,5.82,18.07,1549.04,10.31,297.27,3.36,5.82,61.75,,,,1.41,,26.4,,,1333.04,,,,,92.25,15.43,,4.94,40.34,96.87,,,,,,,,128.15,,24.61,,20.36,46.5,,,,,,,5.51,,11.72,,12.38,,25.48
Chamaecyparis pisifera,,49612,31,[62],76.63,6.95,61.56,8513.0,,56.85,,10.51,8.05,1430.48,28.24,240.73,1.93,6.72,45.66,,,,3.06,,15.09,,,1083.63,,,,,66.0,2.28,,,,66.37,,10.32,,,,,,24.52,,9.25,,9.91,12.37,,,,,,,,,5.36,,35.15,,7.11
Chamaecyparis pisifera,,10833,32,[63],52.17,8.13,83.34,6499.65,128.33,74.15,,13.45,18.06,666.06,7946.83,229.98,29.12,12.89,302.52,,,,,,15.53,,,1553.81,,,,,180.91,5.69,,,,165.53,,4.9,,2.8,,,,94.55,,32.56,,17.33,38.39,,,,,,,9.18,5.74,14.81,,28.44,,31.72
Chamaecyparis pisifera,,10833,33,[64],16.31,4.29,58.09,7520.93,,54.37,,9.79,6.27,2298.65,48.15,299.52,2.27,5.42,40.55,,,,,,20.39,,,898.96,,,,,65.31,4.64,,,,90.26,,10.82,,2.95,,,,8.54,,10.53,,7.93,10.33,,,,,,,4.99,,5.54,,41.15,,7.92
Chamaecyparis lawsoniana,?,,34,[65],47.25,4.78,3.61,72.88,10.42,1.9,,,44.23,167.39,186.36,11244.33,8.56,2.24,53.65,5.46,,,5.42,1.79,86.14,,,11.25,,87.64,,,134.96,64.02,,23.96,,42.7,,19.35,,65.41,24.58,,,,32.86,,,543.39,,28.14,,,16.79,516.13,30.32,259.18,,25.14,138.39,90.53,28.97,17.84
Thuja plicata,,288244,35,[67],65.82,7.25,18.39,97.67,,,,,378.86,138.7,,41.24,,1.83,10.44,,7313.86,283.72,,,77.12,2.98,,5.74,,,,,11.28,10.5,,11.17,,11.44,,,,,2.64,,,,,,,,,,,,40.73,,,98.91,,,,,,
Thuja plicata,,288244,36,[68],4.53,7.06,18.86,93.24,,,,1.42,421.99,198.54,,50.56,,1.45,13.02,,9169.83,340.51,,,119.66,2.51,,3.45,,,,,15.09,11.98,,20.85,,11.59,,,17.83,,3.96,,,,,,,,,,,,26.63,,,154.75,,,16.66,,,
Thuja occidentalis,,62390,37,[69],52.09,2.18,8.33,39.85,18.31,17.77,,7.5,221.65,74.31,,37.26,1.69,0.83,1.51,245.65,2674.77,126.86,18.25,6.17,62.25,12.44,1.09,102.1,,,,0.77,45.62,2.04,,5.98,,68.92,,,41.63,,25.11,1.79,,,,,,,,,,5.76,15.21,,,149.05,12.6,,,,,
Thuja occidentalis,,62390,38,[70],58.78,,10.37,61.05,35.13,33.38,,9.01,177.57,90.68,5.38,37.55,,,,407.43,1670.06,238.06,10.54,9.81,54.66,16.86,,172.62,,,,,59.75,7.26,,6.77,,130.55,,,42.52,,50.95,,,,,,,,,,,,8.61,,,176.28,16.58,,,,,
Thuja occidentalis,,235076,39,[71],54.84,,8.4,43.07,15.37,14.56,,6.5,190.52,62.0,,29.92,,,,204.2,1989.51,205.39,41.17,2.4,41.86,14.99,,43.68,,,,,30.23,2.27,,2.98,,38.6,,,18.34,,15.23,,,,,,,,,,,,12.33,,,50.44,14.06,,,,,
Thuja occidentalis,,235076,40,[72],45.4,2.39,9.54,44.28,16.35,17.8,,7.35,256.55,73.51,,35.67,1.47,,,252.44,2934.25,244.86,29.06,8.26,68.8,27.98,2.2,94.41,,,,,43.45,4.97,,3.35,,64.62,,,21.53,,24.26,,,,,,,,,,,31.21,,,,87.57,26.29,,,,,
