№,Образец,,Массы, г,,,Навески, г,,,Ионол, мг
1,238174,Thuja plicata,2.7552,2.9055,3.6778,0.1503,0.7723,5.1,0.40
2,238174,,2.7646,2.9195,3.7716,0.1549,0.8521,5.5,0.44
3,238174,,2.7229,2.8689,3.7564,0.146,0.8875,6.1,0.46
4,318939,Juniperus rigida,2.8381,3.0713,4.8129,0.2332,1.7416,7.5,0.90
5,318939,,2.8206,3.0788,4.8817,0.2582,1.8029,7.0,0.93
6,318939,,2.7954,3.0546,4.5013,0.2592,1.4467,5.6,0.75
7,4/73,Microbiota decussata,2.7742,2.9529,3.8909,0.1787,0.938,5.2,0.48
8,4/73,,2.8164,2.944,3.8615,0.1276,0.9175,7.2,0.47
9,4/73,,2.7887,2.9566,3.8689,0.1679,0.9123,5.4,0.47
10,247596,Chamaecyparis lawsoniana 'Ellwoodii',2.7633,2.9972,3.9162,0.2339,0.919,3.9,0.47
11,247596,,2.7086,2.9824,3.8914,0.2738,0.909,3.3,0.47
12,247596,,2.7629,3.0898,4.4603,0.3269,1.3705,4.2,0.71
13,202515,Cupressus nootkatensis,2.7248,3.1158,4.2346,0.391,1.1188,2.9,0.58
14,202515,,2.7625,3.1491,4.3067,0.3866,1.1576,3.0,0.60
15,202515,,2.6966,3.0916,4.2166,0.395,1.125,2.8,0.58
16,20140030,Microbiota decussata,2.7581,3.1663,4.5551,0.4082,1.3888,3.4,0.72
17,20140030,,2.6984,2.9952,4.1115,0.2968,1.1163,3.8,0.58
18,20140030,,2.7877,3.1528,4.2461,0.3651,1.0933,3.0,0.56
19,20140023,Juniperus davurica,2.7861,3.0938,4.5016,0.3077,1.4078,4.6,0.73
20,20140023,,2.8063,3.2046,4.4333,0.3983,1.2287,3.1,0.63
21,20140023,,2.7158,3.2613,4.3655,0.5455,1.1042,2.0,0.57
22,252947,Juniperus rigida,2.7199,3.1215,4.0967,0.4016,0.9752,2.4,0.50
23,252947,,2.7002,0,4.2745,,,,
24,252947,,2.7105,3.2074,4.4137,0.4969,1.2063,2.4,0.62
25,299338/72,Thujopsis dolabrata 'Variegata',2.726,3.1545,4.5236,0.4285,1.3691,3.2,0.71
26,299338/72,,2.7671,3.2316,4.4766,0.4645,1.245,2.7,0.64
27,423705,Juníperus chinensis var. sargéntii,2.7307,3.1922,4.4898,0.4615,1.2976,2.8,0.67
28,423705,,2.6815,3.1755,4.53,0.494,1.3545,2.7,0.70
29,305660,Juniperus scopulorum,2.7028,3.2426,4.4651,0.5398,1.2225,2.3,0.63
30,305660,,2.6817,3.1787,4.3706,0.497,1.1919,2.4,0.61
31,342963/79,Juniperus pseudosabina,2.7285,3.2038,4.4487,0.4753,1.2449,2.6,0.64
32,342963/79,,2.7,3.172,4.3139,0.472,1.1419,2.4,0.59
33,236061,Juniperus pseudosabina (J.turkestanica),2.7225,3.1687,4.4662,0.4462,1.2975,2.9,0.67
34,236061,,2.7077,3.179,4.3387,0.4713,1.1597,2.5,0.60
35,254450,,2.7465,3.211,4.6408,0.4645,1.4298,3.1,0.74
36,254450,,2.7562,3.1785,4.5606,0.4223,1.3821,3.3,0.71
37,28043,Juniperus communis var. saxatilis (J. sibirica),2.7722,3.1789,4.4968,0.4067,1.3179,3.2,0.68
38,28043,,2.7715,3.146,4.4673,0.3745,1.3213,3.5,0.68
39,249972,Juniperus communis (J. suecica),2.7275,3.1229,4.6338,0.3954,1.5109,3.8,0.78
40,249972,,2.6915,3.1141,4.4235,0.4226,1.3094,3.1,0.68
41,248592,Juniperus virginiana,2.7317,3.2133,4.6408,0.4816,1.4275,3.0,0.74
42,248592,,2.7589,3.26,4.8755,0.5011,1.6155,3.2,0.83
43,315380_1,1,,2.7834,3.213,4.3725,0.4296,1.1595,2.7,0.60
44,315380_1,1,,2.6807,3.0671,4.1275,0.3864,1.0604,2.7,0.55
45,315380_1,3,,2.7201,3.1855,4.257,0.4654,1.0715,2.3,0.55
46,315380_1,3,,2.7681,3.1742,4.2901,0.4061,1.1159,2.7,0.58
47,315380_1,2,,2.8057,3.2066,4.3882,0.4009,1.1816,2.9,0.61
48,315380_1,2,,2.7901,3.3099,4.5785,0.5198,1.2686,2.4,0.65
49,45989-1,,2.7947,3.2678,4.2797,0.4731,1.0119,2.1,0.52
50,45989-1,,2.8056,3.2274,4.2944,0.4218,1.067,2.5,0.55
51,45989-2,,2.8125,3.1795,4.536,0.367,1.3565,3.7,0.70
52,45989-2,,2.767,3.1887,4.4484,0.4217,1.2597,3.0,0.65
53,45989-3,,2.7451,3.1682,4.2838,0.4231,1.1156,2.6,0.58
54,45989-3,,2.8314,3.3159,4.6451,0.4845,1.3292,2.7,0.69
55,18-1,Juníperus sabína,2.8093,3.2641,4.4193,0.4548,1.1552,2.5,0.60
56,18-2,,2.7676,3.152,4.4275,0.3844,1.2755,3.3,0.66
57,18-3,,2.8262,3.2451,4.586,0.4189,1.3409,3.2,0.69
58,45990-1,Juniperus communis,2.7793,3.0847,4.6871,0.3054,1.6024,5.2,0.83
59,45990-2,,2.8175,3.1689,4.6432,0.3514,1.4743,4.2,0.76
60,45990-3,,2.8037,3.1023,4.748,0.2986,1.6457,5.5,0.85
61,49612_L,Chamaecýparis pisífera,2.7447,3.1586,4.3966,0.4139,1.238,3.0,0.64
62,49612_D,,2.8325,3.2455,4.4239,0.413,1.1784,2.9,0.61
63,10833_2,,2.8254,3.2334,4.3914,0.408,1.158,2.8,0.60
64,10833_1,,2.7454,3.1052,4.2178,0.3598,1.1126,3.1,0.57
65,LoveSun1,Chamaecyparis lawsoniana ?,2.7698,3.2678,4.5791,0.498,1.3113,2.6,0.68
66,,,2.8098,,,,0,,
67,288244_1,Thuja plicata,2.7573,3.2214,4.4735,0.4641,1.2521,2.7,0.65
68,288244_2,,2.8239,3.3536,4.9531,0.5297,1.5995,3.0,0.82
69,62390_1,Thúja occidentális,2.8105,3.3341,4.6384,0.5236,1.3043,2.5,0.67
70,62390_2,,2.7733,3.1804,4.6523,0.4071,1.4719,3.6,0.76
71,235076-1,,2.84,3.2325,4.6532,0.3925,1.4207,3.6,0.73
72,235076-2,,2.756,3.1264,4.4331,0.3704,1.3067,3.5,0.67