Ni,Week,Plant,Sample,FattyAcid,ppm,pct
0,1,38,38,14:0,42.393175911763336,0.12028338630914016
0,1,38,38,15:0,97.29695851892566,0.2760634794759242
0,1,38,38,16:0,5643.901822462748,16.01360616659469
0,1,38,38,9-16:1,3049.179537108625,8.651525447193285
0,1,38,38,"7,10-16:2",428.5605612775684,1.215967297574133
0,1,38,38,18:0,2201.599666949975,6.246662523916652
0,1,38,38,11-Me-12-18:1,2411.4731185882224,6.84214254909757
0,1,38,38,9-18:1,286.96090540200504,0.8142024912672857
0,1,38,38,11-18:1,2091.6630779662364,5.9347362547038065
0,1,38,38,"9,12-18:2",6162.701184102566,17.4856106270046
0,1,38,38,"12,15-18:2",212.58807432090737,0.6031823027715756
0,1,38,38,20:0,903.0370291897193,2.56221312740443
0,1,38,38,"9,12,15-18:3",9905.55382361209,28.10531486603959
0,1,38,38,22:0,682.591500927805,1.9367366429051256
0,1,38,38,23:0,11.849216320073461,0.03362012478268889
0,1,38,38,24:0,916.4962263715503,2.600401297533572
0,1,38,38,15-24:1,102.32313133375443,0.2903243852311543
0,1,38,38,di-16:0,71.1485033583381,0.20187171002664733
0,1,38,38,26:0,23.097540246997298,0.06553532016811164
0,1,39,39,14:0,54.33848996333252,0.16350242231875423
0,1,39,39,15:0,97.1121227430896,0.29220663503394767
0,1,39,39,16:0,6389.642864689815,19.22618914941333
0,1,39,39,9-16:1,2574.253833592181,7.745830584171201
0,1,39,39,"7,10-16:2",195.82850315931643,0.5892404195849023
0,1,39,39,18:0,1298.5132569759126,3.9071763509041757
0,1,39,39,11-Me-12-18:1,2178.005221666263,6.553533780670587
0,1,39,39,9-18:1,587.2852262859174,1.7671186143479696
0,1,39,39,11-18:1,1814.9310229559846,5.461057508131
0,1,39,39,"9,12-18:2",7407.698786440723,22.289480186292504
0,1,39,39,"12,15-18:2",46.305319381468564,0.1393309216031322
0,1,39,39,20:0,388.93462063355446,1.1702892855529008
0,1,39,39,"9,12,15-18:3",9456.021308589072,28.45280372154917
0,1,39,39,22:0,182.9716288724753,0.5505545803066164
0,1,39,39,23:0,13.107793862625217,0.03944084661241635
0,1,39,39,24:0,396.0084854004006,1.1915742720388174
0,1,39,39,15-24:1,79.31175050295955,0.2386460009162034
0,1,39,39,di-16:0,48.66481321732805,0.1464305476300888
0,1,39,39,26:0,25.123011319160014,0.07559417292228753
0,1,40,40,14:0,38.66587131649286,0.13897954372563934
0,1,40,40,15:0,52.21532875153836,0.18768134063172282
0,1,40,40,16:0,5061.16958637742,18.191728671397687
0,1,40,40,9-16:1,2108.106017511821,7.577318251563514
0,1,40,40,"7,10-16:2",318.6690930244434,1.1454154177849674
0,1,40,40,18:0,984.5901116029897,3.5389835999633052
0,1,40,40,11-Me-12-18:1,1686.9176316929966,6.063410309220829
0,1,40,40,9-18:1,345.5961408533507,1.242201257434305
0,1,40,40,11-18:1,1918.2607139901509,6.894943517371428
0,1,40,40,"9,12-18:2",4706.140450873562,16.91562171759971
0,1,40,40,"12,15-18:2",95.36722089213892,0.34278531414648905
0,1,40,40,20:0,436.3737675233496,1.5684898604202528
0,1,40,40,"9,12,15-18:3",9142.639427705515,32.8620515417834
0,1,40,40,22:0,285.2636736599482,1.0253438977812048
0,1,40,40,23:0,9.528256227730017,0.03424810195512262
0,1,40,40,24:0,466.6584817389878,1.6773444037227712
0,1,40,40,15-24:1,90.2245621255243,0.3243006830083335
0,1,40,40,di-16:0,64.02328382711772,0.23012352938531944
0,1,40,40,26:0,10.858374120964912,0.03902904110401601
0,1,41,41,14:0,60.477963452982756,0.21149552182689202
0,1,41,41,15:0,72.0210991423413,0.2518626467555854
0,1,41,41,16:0,5335.079285664816,18.65713250061288
0,1,41,41,9-16:1,1744.838663505726,6.101818622394107
0,1,41,41,"7,10-16:2",156.25908255036836,0.5464485627045637
0,1,41,41,18:0,761.2804841898925,2.6622492568808465
0,1,41,41,11-Me-12-18:1,1611.1655963622852,5.6343548806349775
0,1,41,41,9-18:1,561.1612076070733,1.962418634088669
0,1,41,41,11-18:1,1744.025418800837,6.098974650748681
0,1,41,41,"9,12-18:2",6702.05761930517,23.437548035340402
0,1,41,41,"12,15-18:2",82.80462094493836,0.28957335063113815
0,1,41,41,20:0,503.4928101719974,1.7607483543357147
0,1,41,41,"9,12,15-18:3",7757.449063639004,27.12832317899337
0,1,41,41,22:0,482.95600032499306,1.688929743601103
0,1,41,41,23:0,21.41886210134596,0.07490320702654195
0,1,41,41,24:0,827.5613002746148,2.8940377461848668
0,1,41,41,15-24:1,117.10780662280021,0.4095339071883108
0,1,41,41,di-16:0,27.306644510414536,0.09549317966967233
0,1,41,41,26:0,26.92370672630421,0.09415402038166802
0,1,42,42,14:0,124.4715530816323,0.31769042461614483
0,1,42,42,15:0,91.00721911406629,0.23227895344505575
0,1,42,42,16:0,7484.010938446698,19.101542111454986
0,1,42,42,9-16:1,2251.123682534015,5.745573352801878
0,1,42,42,"7,10-16:2",226.66924414035776,0.5785309706157844
0,1,42,42,18:0,1360.3799058174443,3.4721159913139203
0,1,42,42,11-Me-12-18:1,2238.160997052006,5.7124885157207155
0,1,42,42,9-18:1,637.377411129229,1.6267869675377598
0,1,42,42,11-18:1,2017.9542471495017,5.150451856356568
0,1,42,42,"9,12-18:2",8453.754989612604,21.576632939492054
0,1,42,42,"12,15-18:2",102.51363534870345,0.26164693487447205
0,1,42,42,20:0,621.1057913612594,1.5852566928260068
0,1,42,42,"9,12,15-18:3",11716.771490762749,29.90487398827228
0,1,42,42,22:0,567.0967325795212,1.447408643270171
0,1,42,42,23:0,26.527250521598162,0.06770585947922081
0,1,42,42,24:0,935.5516294540598,2.3878210486910465
0,1,42,42,15-24:1,193.66943426519333,0.49430511055426907
0,1,42,42,di-16:0,85.03199108671181,0.21702829831790724
0,1,42,42,26:0,46.96184094013206,0.11986134035976762
0,5,73,19,14:0,60.574557358630166,0.19419108294427836
0,5,73,19,15:0,80.94231071614257,0.259486419040924
0,5,73,19,16:0,5196.72713013323,16.65976794831184
0,5,73,19,9-16:1,2016.9481249395042,6.465971155274675
0,5,73,19,"7,10-16:2",218.49139713105504,0.7004439301419514
0,5,73,19,18:0,854.3832400169077,2.7389982504706922
0,5,73,19,11-Me-12-18:1,1792.9280459586455,5.747803270349012
0,5,73,19,9-18:1,554.1952035300152,1.7766496600026023
0,5,73,19,11-18:1,2085.9181679722083,6.687076647931257
0,5,73,19,"9,12-18:2",6528.492766630457,20.929167882152658
0,5,73,19,"12,15-18:2",135.84374706174992,0.43549050134943323
0,5,73,19,20:0,641.2364350308445,2.055688116790294
0,5,73,19,"9,12,15-18:3",9988.006282051392,32.01974295713907
0,5,73,19,22:0,493.08305918314704,1.5807351703348602
0,5,73,19,23:0,11.109537478788397,0.03561516927384698
0,5,73,19,24:0,371.10138742723205,1.1896839770526402
0,5,73,19,15-24:1,100.04096052347901,0.3207132385272376
0,5,73,19,di-16:0,51.842670768356676,0.16619823269408585
0,5,73,19,26:0,11.409373765663597,0.03657639021863348
0,5,74,20,14:0,55.167409700062954,0.20733596996163423
0,5,74,20,15:0,66.84704619691212,0.25123161006943434
0,5,74,20,16:0,4996.628761861522,18.778856511683852
0,5,74,20,9-16:1,1845.752837573739,6.936902728774543
0,5,74,20,"7,10-16:2",297.1263099571922,1.11669139463014
0,5,74,20,18:0,994.727496850069,3.7384896540952175
0,5,74,20,11-Me-12-18:1,1482.8464908736717,5.572989871394078
0,5,74,20,9-18:1,236.43586712251442,0.8885981797965521
0,5,74,20,11-18:1,1656.3136403612996,6.224932384030414
0,5,74,20,"9,12-18:2",5490.141565234511,20.63362831141378
0,5,74,20,"12,15-18:2",66.09948101784828,0.24842203187184558
0,5,74,20,20:0,385.08092827023336,1.4472517055036611
0,5,74,20,"9,12,15-18:3",8290.327016490233,31.157580220069352
0,5,74,20,22:0,251.25954158134962,0.944310074537091
0,5,74,20,23:0,11.44371560725431,0.04300897737079102
0,5,74,20,24:0,365.1153343434328,1.3722149074161738
0,5,74,20,15-24:1,81.01429043608042,0.3044764396161075
0,5,74,20,di-16:0,23.27190048327606,0.0874629076439157
0,5,74,20,26:0,12.137417294892016,0.04561612012141797
0,5,75,21,14:0,39.718876717633975,0.22717559044226227
0,5,75,21,15:0,60.44826517141255,0.34573914134458206
0,5,75,21,16:0,3018.958765848074,17.267198793864434
0,5,75,21,9-16:1,1395.7673684346316,7.983213581249246
0,5,75,21,"7,10-16:2",210.59089565982777,1.2044930525954731
0,5,75,21,18:0,568.2544838023254,3.2501812374251404
0,5,75,21,11-Me-12-18:1,1135.9198150667962,6.4969927653643085
0,5,75,21,9-18:1,170.56606048377435,0.9755675059815807
0,5,75,21,11-18:1,1140.3763705703905,6.5224824244769035
0,5,75,21,"9,12-18:2",3781.5203700978605,21.62873660686942
0,5,75,21,"12,15-18:2",97.81651245544441,0.5594701010817559
0,5,75,21,20:0,385.12111427720725,2.2027339078515165
0,5,75,21,"9,12,15-18:3",4914.362384104035,28.108125619786723
0,5,75,21,22:0,223.2262494032417,1.2767620638143256
0,5,75,21,23:0,13.686656023010789,0.07828202658679916
0,5,75,21,24:0,252.92768810990023,1.4466420411142413
0,5,75,21,15-24:1,45.625101311471035,0.260956758749921
0,5,75,21,di-16:0,21.91536753313898,0.12534686200956102
0,5,75,21,26:0,6.976013471700999,0.039899919391810396
0,5,55,55,14:0,57.96730078999278,0.08548507378617849
0,5,55,55,14:0,83.6002291041061,0.12328626063505944
0,5,55,55,15:0,58.19616957464602,0.08582258932816166
0,5,55,55,15:0,83.9303028279303,0.12377302431477975
0,5,55,55,16:0,4630.394763005573,6.828498698062549
0,5,55,55,16:0,6677.938385161909,9.84803583770923
0,5,55,55,9-16:1,1850.401234652671,2.728808896094523
0,5,55,55,9-16:1,2668.6418902256323,3.9354782055715147
0,5,55,55,"7,10-16:2",335.07979757494775,0.49414619672781435
0,5,55,55,"7,10-16:2",483.2508580468376,0.7126558369007184
0,5,55,55,18:0,1235.5453298029086,1.8220735180859717
0,5,55,55,18:0,1781.8989539334107,2.6277877610407683
0,5,55,55,11-Me-12-18:1,1699.753743683363,2.5066472341625743
0,5,55,55,11-Me-12-18:1,2451.378629950331,3.6150774695954455
0,5,55,55,9-18:1,415.13422651626877,0.6122034233313453
0,5,55,55,9-18:1,598.7050625567049,0.8829175371514638
0,5,55,55,11-18:1,1575.7521242447424,2.3237805585911273
0,5,55,55,11-18:1,2272.5439481026206,3.35134781917297
0,5,55,55,"9,12-18:2",5610.005704095716,8.273142703209938
0,5,55,55,"9,12-18:2",8090.729700126209,11.931496136158126
0,5,55,55,"12,15-18:2",116.18835959341408,0.1713443675585585
0,5,55,55,"12,15-18:2",167.5664270867095,0.2471122199649939
0,5,55,55,20:0,539.9316731444538,0.7962437148050998
0,5,55,55,20:0,778.6874834653706,1.1483397721341295
0,5,55,55,"9,12,15-18:3",8924.294320405392,13.160763880196596
0,5,55,55,"9,12,15-18:3",12870.584615993757,18.980405514403756
0,5,55,55,22:0,224.66816828084538,0.3313208426328733
0,5,55,55,22:0,324.01561026145,0.4778297069829315
0,5,55,55,23:0,12.644042148663065,0.018646320620480068
0,5,55,55,23:0,18.23519132380733,0.026891655374263385
0,5,55,55,24:0,342.60602287354425,0.5052452114518706
0,5,55,55,24:0,494.10515263494096,0.7286627953258228
0,5,55,55,15-24:1,97.07538206629602,0.1431582303413272
0,5,55,55,15-24:1,140.001760829133,0.206462275999911
0,5,55,55,di-16:0,22.64468022346274,0.033394381545902754
0,5,55,55,di-16:0,32.65807496417916,0.04816125487956762
0,5,55,55,26:0,17.646102093591495,0.026022918420405817
0,5,55,55,26:0,25.449143874461214,0.037530157731252546
0,5,56,56,14:0,41.87840724435261,0.060975015883209846
0,5,56,56,14:0,66.51450693018106,0.09684520934302208
0,5,56,56,15:0,74.68246467752292,0.10873776653774966
0,5,56,56,15:0,118.61643365211731,0.17270568299664493
0,5,56,56,16:0,4671.233682375053,6.8013223691885605
0,5,56,56,16:0,7419.212562835228,10.80238322389382
0,5,56,56,9-16:1,1862.9006632222543,2.7123858093752364
0,5,56,56,9-16:1,2958.8020946246716,4.308019731083325
0,5,56,56,"7,10-16:2",206.63701665448286,0.3008637673120982
0,5,56,56,"7,10-16:2",328.19680070688446,0.47785497235259755
0,5,56,56,18:0,861.8786209435261,1.2548964026925211
0,5,56,56,18:0,1368.901906207376,1.9931229711418152
0,5,56,56,11-Me-12-18:1,1755.471396030882,2.555968655420584
0,5,56,56,11-Me-12-18:1,2788.1746709165172,4.059585978337896
0,5,56,56,9-18:1,567.4531065362731,0.8262124674928264
0,5,56,56,9-18:1,901.272662234535,1.3122541784887105
0,5,56,56,11-18:1,1232.2879254883558,1.7942128360068619
0,5,56,56,11-18:1,1957.214449002877,2.849706805191156
0,5,56,56,"9,12-18:2",6313.092884649046,9.191871521464435
0,5,56,56,"9,12-18:2",10026.939610591131,14.599237226201522
0,5,56,56,"12,15-18:2",70.74653337501401,0.10300704539820424
0,5,56,56,"12,15-18:2",112.36508487540974,0.16360371097733822
0,5,56,56,20:0,347.13476497378934,0.5054286731677331
0,5,56,56,20:0,551.3461291837825,0.8027606873387219
0,5,56,56,"9,12,15-18:3",7861.221131739882,11.445948280038849
0,5,56,56,"9,12,15-18:3",12485.795947201656,18.17933527779531
0,5,56,56,22:0,250.99083546441642,0.3654429856819996
0,5,56,56,22:0,398.64294665029684,0.5804246532563464
0,5,56,56,23:0,13.882481031227366,0.020212910592286155
0,5,56,56,23:0,22.049223968139344,0.03210369902143424
0,5,56,56,24:0,276.1494750424543,0.40207399791032844
0,5,56,56,24:0,438.60183278470186,0.638604843885475
0,5,56,56,15-24:1,64.43904067574644,0.09382332775400147
0,5,56,56,15-24:1,102.34703990990843,0.14901742436605533
0,5,56,56,di-16:0,53.61199234562826,0.0780591311825986
0,5,56,56,di-16:0,85.15068912738997,0.12397951506880739
0,5,56,56,26:0,9.82112423856987,0.014299569774553218
0,5,56,56,26:0,15.598664782472515,0.022711676385361798
0,5,57,57,14:0,58.61118886580647,0.13436825495301175
0,5,57,57,14:0,53.371146424801914,0.12235526950940359
0,5,57,57,15:0,52.25026803820006,0.11978561556215012
0,5,57,57,15:0,47.57891385869523,0.10907636837720333
0,5,57,57,16:0,4094.1608729814056,9.386010805188622
0,5,57,57,16:0,3728.128769728186,8.546869065826824
0,5,57,57,9-16:1,1375.9345741894183,3.154379415279303
0,5,57,57,9-16:1,1252.9212775080343,2.8723670157536954
0,5,57,57,"7,10-16:2",177.12771722709334,0.4060716516449997
0,5,57,57,"7,10-16:2",161.29188837411976,0.369767445402393
0,5,57,57,18:0,745.6122456643923,1.7093428449455863
0,5,57,57,18:0,678.9519392038031,1.5565216988970056
0,5,57,57,11-Me-12-18:1,1306.43690606335,2.9950535157350395
0,5,57,57,11-Me-12-18:1,1189.6369406174958,2.727285401161144
0,5,57,57,9-18:1,334.05379647929465,0.7658303228777842
0,5,57,57,9-18:1,304.1882348859619,0.6973624505799579
0,5,57,57,11-18:1,1311.9357439779014,3.007659799093997
0,5,57,57,11-18:1,1194.644163456393,2.7387646393073606
0,5,57,57,"9,12-18:2",4999.879379547591,11.462403001985463
0,5,57,57,"9,12-18:2",4552.872917885156,10.437624638526218
0,5,57,57,"12,15-18:2",77.39054724565412,0.17742060832558526
0,5,57,57,"12,15-18:2",70.47156539343001,0.16155859399819308
0,5,57,57,20:0,404.11488162879164,0.9264478761781637
0,5,57,57,20:0,367.9856173747477,0.8436202406277734
0,5,57,57,"9,12,15-18:3",7185.842277688672,16.47380143459092
0,5,57,57,"9,12,15-18:3",6543.403193307282,15.000986766395396
0,5,57,57,22:0,291.46383818374494,0.6681913142612369
0,5,57,57,22:0,265.40596575945915,0.6084527061013508
0,5,57,57,23:0,11.519169112215437,0.026408108794053285
0,5,57,57,23:0,10.489315662709108,0.024047132783409093
0,5,57,57,24:0,286.31113358695893,0.6563785539614297
0,5,57,57,24:0,260.71393072586756,0.5976960473158488
0,5,57,57,15-24:1,84.90213762748364,0.19464119898514604
0,5,57,57,15-24:1,77.31159368682708,0.17723960445708828
0,5,57,57,di-16:0,20.03684739116808,0.0459351920821
0,5,57,57,di-16:0,18.24548412511932,0.04182842747445825
0,5,57,57,26:0,12.887109609028323,0.02954416149991362
0,5,57,57,26:0,11.734957560930521,0.026902811560776705
50,1,43,43,14:0,60.26636136707604,0.18830255546022853
50,1,43,43,15:0,68.14807087259737,0.21292899726986533
50,1,43,43,16:0,5996.978760650102,18.737590922289264
50,1,43,43,9-16:1,1725.7046273398453,5.391972966782749
50,1,43,43,"7,10-16:2",146.7722502073896,0.4585906492074721
50,1,43,43,18:0,719.7052417880348,2.24872272247127
50,1,43,43,11-Me-12-18:1,2120.983619189398,6.627024205925193
50,1,43,43,9-18:1,665.9821948684553,2.080864786591419
50,1,43,43,11-18:1,1423.3968043348953,4.447410621949545
50,1,43,43,"9,12-18:2",8017.425798406925,25.05048806343813
50,1,43,43,"12,15-18:2",53.70198986064831,0.16779214299112707
50,1,43,43,20:0,454.62625372682254,1.4204820635287072
50,1,43,43,"9,12,15-18:3",9300.987085198678,29.06098189299837
50,1,43,43,22:0,411.76547068237346,1.2865633268865888
50,1,43,43,23:0,25.329843945710703,0.07914322743552644
50,1,43,43,24:0,607.8907320724866,1.899357712881148
50,1,43,43,15-24:1,100.76019994964301,0.31482576198082335
50,1,43,43,di-16:0,79.21862014223382,0.24751898529193544
50,1,43,43,26:0,25.424312404721505,0.0794383946206461
50,1,44,44,14:0,40.40090220996601,0.15352838463507196
50,1,44,44,15:0,62.123485135710986,0.23607686460115407
50,1,44,44,16:0,4686.764056619949,17.810278370493428
50,1,44,44,9-16:1,1634.8782194712262,6.212737794963495
50,1,44,44,"7,10-16:2",192.18927581777734,0.7303428251958455
50,1,44,44,18:0,581.9894511193438,2.2116313106236496
50,1,44,44,11-Me-12-18:1,1899.0225029287724,7.216518476371691
50,1,44,44,9-18:1,446.79208871440954,1.6978647479593199
50,1,44,44,11-18:1,1214.4930921743257,4.615222739901646
50,1,44,44,"9,12-18:2",6643.2794171721625,25.245276758850938
50,1,44,44,"12,15-18:2",86.58678565973764,0.3290404076620723
50,1,44,44,20:0,394.95328529050335,1.5008709355507415
50,1,44,44,"9,12,15-18:3",7470.487052837502,28.388767253233233
50,1,44,44,22:0,332.1712444544959,1.262291478499219
50,1,44,44,23:0,16.66233433125497,0.06331891453394427
50,1,44,44,24:0,424.0996956739613,1.6116308705845528
50,1,44,44,15-24:1,88.48872454923692,0.3362680087651837
50,1,44,44,di-16:0,83.01091032887413,0.31545164272928194
50,1,44,44,26:0,16.547417070527562,0.06288221484554438
50,1,45,45,14:0,54.73892099290104,0.186690281064167
50,1,45,45,15:0,69.29450188995436,0.2363329382344739
50,1,45,45,16:0,5389.452283886109,18.381041193543084
50,1,45,45,9-16:1,1975.1896494816428,6.736499443688039
50,1,45,45,"7,10-16:2",232.6791149549796,0.7935656856360076
50,1,45,45,18:0,511.0072428205292,1.7428199909231283
50,1,45,45,11-Me-12-18:1,1988.736209147941,6.782700775129732
50,1,45,45,9-18:1,477.0593657663471,1.6270387772306085
50,1,45,45,11-18:1,1568.3341253781382,5.348894960997509
50,1,45,45,"9,12-18:2",7218.588093855621,24.61941550333313
50,1,45,45,"12,15-18:2",75.96900454869142,0.25909671864375067
50,1,45,45,20:0,415.46213061417006,1.416957815919243
50,1,45,45,"9,12,15-18:3",8207.81321557548,27.99322544806269
50,1,45,45,22:0,456.5514725766807,1.5570954119949423
50,1,45,45,23:0,13.797091451497675,0.047055784699924275
50,1,45,45,24:0,465.0829741021159,1.5861925952932652
50,1,45,45,15-24:1,89.04268625134823,0.303685272223917
50,1,45,45,di-16:0,100.22690999045821,0.3418297192730241
50,1,45,45,26:0,11.68772988432381,0.03986168410936438
50,1,46,46,14:0,44.52471950289259,0.14485241692131937
50,1,46,46,15:0,62.2968202601688,0.2026704509752661
50,1,46,46,16:0,5456.8934490704805,17.752929469406805
50,1,46,46,9-16:1,1931.546334249419,6.283906064660692
50,1,46,46,"7,10-16:2",220.14701774888434,0.7162050194808033
50,1,46,46,18:0,731.7231244326497,2.380517255912253
50,1,46,46,11-Me-12-18:1,1948.29519214738,6.338395179343016
50,1,46,46,9-18:1,499.7714873847766,1.625908229502591
50,1,46,46,11-18:1,1631.8603856083057,5.3089367787743775
50,1,46,46,"9,12-18:2",7946.244882771584,25.851544705258668
50,1,46,46,"12,15-18:2",97.94802557461014,0.3186546348985252
50,1,46,46,20:0,440.9762380316814,1.4346294507169282
50,1,46,46,"9,12,15-18:3",8416.598141880922,27.38174651561215
50,1,46,46,22:0,339.5730566876593,1.1047341461493565
50,1,46,46,23:0,15.937795530907142,0.051850482806516496
50,1,46,46,24:0,698.1137639381838,2.271175812481329
50,1,46,46,15-24:1,135.3084464571282,0.44019941547100916
50,1,46,46,di-16:0,96.64894894106658,0.314428344598761
50,1,46,46,26:0,23.580840745232468,0.07671562702964906
50,1,47,47,14:0,31.831276493966588,0.11755889872598457
50,1,47,47,15:0,62.201395772569334,0.22972146868280222
50,1,47,47,16:0,4737.565575261209,17.496721872759586
50,1,47,47,9-16:1,1734.6685966981963,6.4064578095396785
50,1,47,47,"7,10-16:2",170.82900824115785,0.6309036988538352
50,1,47,47,18:0,634.5950179262036,2.3436789114800756
50,1,47,47,11-Me-12-18:1,1980.403915102921,7.314004618578713
50,1,47,47,9-18:1,427.7346961930941,1.5797047862935922
50,1,47,47,11-18:1,1421.0503630254095,5.248206610347289
50,1,47,47,"9,12-18:2",6728.032325033894,24.847890434859803
50,1,47,47,"12,15-18:2",74.42196898547566,0.274854347000825
50,1,47,47,20:0,302.3002792997401,1.1164518622359054
50,1,47,47,"9,12,15-18:3",7412.535139332304,27.375888237241707
50,1,47,47,22:0,497.3206725926585,1.8366989019350335
50,1,47,47,23:0,12.122647269209601,0.044771219366020965
50,1,47,47,24:0,676.2672956421582,2.4975824810280822
50,1,47,47,15-24:1,81.425805978725,0.30072083601639327
50,1,47,47,di-16:0,67.3862897148715,0.2488702584582799
50,1,47,47,26:0,24.18310108511244,0.08931274659638114
50,1,48,48,14:0,44.644038936718594,0.14514793166735943
50,1,48,48,15:0,61.3326648793439,0.19940645297578885
50,1,48,48,16:0,5613.455793729594,18.25062242063114
50,1,48,48,9-16:1,1576.3631756663622,5.125115467910224
50,1,48,48,"7,10-16:2",174.5734391368564,0.5675779839429289
50,1,48,48,18:0,601.0255539262077,1.954070870587547
50,1,48,48,11-Me-12-18:1,1450.2983466851886,4.715250016252645
50,1,48,48,9-18:1,639.3691662870378,2.078734681465375
50,1,48,48,11-18:1,1610.6742085755243,5.236668445166489
50,1,48,48,"9,12-18:2",8165.45804393669,26.547762577530065
50,1,48,48,"12,15-18:2",71.43707600283896,0.23225819332506306
50,1,48,48,20:0,323.5072425507305,1.0517956765114467
50,1,48,48,"9,12,15-18:3",9429.318422758452,30.656860326556163
50,1,48,48,22:0,288.3183024520502,0.9373884231683989
50,1,48,48,23:0,7.006179918105359,0.022778685536132826
50,1,48,48,24:0,530.6922179901375,1.7254011874332806
50,1,48,48,15-24:1,98.04534531752954,0.31876773296931094
50,1,48,48,di-16:0,63.2499305378339,0.2056399200055337
50,1,48,48,26:0,8.843738391347891,0.028753006365102796
50,5,79,22,14:0,44.70157589355085,0.2624017223808949
50,5,79,22,15:0,33.555066958205835,0.19697084920242736
50,5,79,22,16:0,2927.086914448722,17.18222752904634
50,5,79,22,9-16:1,996.661153591444,5.850478380343971
50,5,79,22,"7,10-16:2",137.82682906735482,0.8090541913711101
50,5,79,22,18:0,434.3411961236867,2.549616555694546
50,5,79,22,11-Me-12-18:1,1006.5416282904978,5.908477534224956
50,5,79,22,9-18:1,237.70364363112108,1.3953388501012411
50,5,79,22,11-18:1,984.6589807225643,5.780024693417877
50,5,79,22,"9,12-18:2",4557.998979584104,26.755808021206303
50,5,79,22,"12,15-18:2",134.80995109074965,0.7913448833333055
50,5,79,22,20:0,354.2451503338269,2.0794465460016562
50,5,79,22,"9,12,15-18:3",4694.219937347928,27.55543562330074
50,5,79,22,22:0,233.6916866766108,1.371788351177256
50,5,79,22,23:0,11.739331164558301,0.06891078570731621
50,5,79,22,24:0,138.6932950165171,0.8141404137894428
50,5,79,22,15-24:1,47.192684473207045,0.27702472322310717
50,5,79,22,di-16:0,52.33918693681869,0.30723509240349317
50,5,79,22,26:0,7.542532923329439,0.04427525407402446
50,5,80,23,14:0,33.717020275743806,0.1739587906376809
50,5,80,23,15:0,61.72685787308399,0.3184720790167399
50,5,80,23,16:0,3258.6384479440703,16.812541526322487
50,5,80,23,9-16:1,1374.6993621631625,7.092591117974156
50,5,80,23,"7,10-16:2",154.89167675331842,0.7991444246107972
50,5,80,23,18:0,566.9423227923903,2.9250687049956476
50,5,80,23,11-Me-12-18:1,1136.9979282255938,5.866200006231413
50,5,80,23,9-18:1,228.58832265567744,1.1793731426405063
50,5,80,23,11-18:1,1128.190164543101,5.820757440254395
50,5,80,23,"9,12-18:2",4812.8154114985355,24.831125102385943
50,5,80,23,"12,15-18:2",113.0973242273449,0.5835116385151145
50,5,80,23,20:0,311.04061135739823,1.6047755154053058
50,5,80,23,"9,12,15-18:3",5619.492718470744,28.993076769766812
50,5,80,23,22:0,221.8834531091175,1.1447801985379673
50,5,80,23,23:0,11.691581181252246,0.0603212652333953
50,5,80,23,24:0,266.7700597300489,1.376367086695577
50,5,80,23,15-24:1,47.653472973402806,0.2458621924578028
50,5,80,23,di-16:0,22.797847802886494,0.11762267248108882
50,5,80,23,26:0,10.55366465553431,0.054450325837160155
50,5,81,24,14:0,34.12938398959754,0.1589136392427679
50,5,81,24,15:0,9.036095711840458,0.04207397515736614
50,5,81,24,16:0,3676.5788240286543,17.118929573043815
50,5,81,24,9-16:1,1418.366201954867,6.604213395714692
50,5,81,24,"7,10-16:2",127.65666694049699,0.594396474407493
50,5,81,24,18:0,682.64096481451,3.1785208912042626
50,5,81,24,11-Me-12-18:1,1315.9365306984469,6.12727915539089
50,5,81,24,9-18:1,383.0015823955945,1.7833364737193567
50,5,81,24,11-18:1,916.9171461602699,4.269360402896029
50,5,81,24,"9,12-18:2",5854.290795349608,27.25881767329885
50,5,81,24,"12,15-18:2",67.37823721458517,0.3137273407804771
50,5,81,24,20:0,312.5680545249806,1.4553830526427356
50,5,81,24,"9,12,15-18:3",6094.789279599266,28.378629544973172
50,5,81,24,22:0,179.04273812877142,0.8336609035986431
50,5,81,24,23:0,19.66054874636794,0.091543678366637
50,5,81,24,24:0,282.16907110224093,1.3138389484051514
50,5,81,24,15-24:1,61.93545841292747,0.2883846100933823
50,5,81,24,di-16:0,29.96660244682736,0.13953084685085537
50,5,81,24,26:0,10.622244587755663,0.04945942021343095
50,5,82,58,14:0,74.6837205745123,0.2450210274114737
50,5,82,58,15:0,74.94623986075146,0.24588229603514214
50,5,82,58,16:0,5248.309479548076,17.218560764782094
50,5,82,58,9-16:1,2283.4318427697203,7.491442737929842
50,5,82,58,"7,10-16:2",274.05204285888505,0.8991050872794006
50,5,82,58,18:0,789.8063701998658,2.591182747643416
50,5,82,58,11-Me-12-18:1,1948.8025617056921,6.393596920694907
50,5,82,58,9-18:1,660.0828962112508,2.1655882722802877
50,5,82,58,11-18:1,2187.5447628077063,7.176858104665107
50,5,82,58,"9,12-18:2",7248.148893591759,23.779598486491
50,5,82,58,"12,15-18:2",91.77511982767025,0.3010941873008544
50,5,82,58,20:0,538.7765121429678,1.7676084364159623
50,5,82,58,"9,12,15-18:3",8154.233050438551,26.752263336662192
50,5,82,58,22:0,336.90347861880815,1.105306964284417
50,5,82,58,23:0,8.67856432195528,0.028472480083534306
50,5,82,58,24:0,387.5807459359977,1.2715680451323534
50,5,82,58,15-24:1,93.58898810960616,0.3070450942268907
50,5,82,58,di-16:0,60.93270985557312,0.19990695504895514
50,5,82,58,26:0,18.257247947447766,0.05989805563217127
50,5,83,59,14:0,96.00816151814288,0.36131270265753734
50,5,83,59,15:0,46.75723844722508,0.1759640422754821
50,5,83,59,16:0,4714.461434830018,17.74218749383375
50,5,83,59,9-16:1,1633.0646334550281,6.1458003881948535
50,5,83,59,"7,10-16:2",132.78242333551015,0.49970726948775385
50,5,83,59,18:0,499.90320184672635,1.8813127349831051
50,5,83,59,11-Me-12-18:1,1627.5621339794175,6.125092534555464
50,5,83,59,9-18:1,811.9760364572895,3.055753298328686
50,5,83,59,11-18:1,1631.073164843442,6.138305786747103
50,5,83,59,"9,12-18:2",6703.283851121941,25.226830371830484
50,5,83,59,"12,15-18:2",92.00435649268891,0.34624496683398204
50,5,83,59,20:0,429.938422372086,1.6180104993909379
50,5,83,59,"9,12,15-18:3",7260.822745210509,27.325046622141326
50,5,83,59,22:0,369.2498621200154,1.3896179608990231
50,5,83,59,23:0,0.0,0.0
50,5,83,59,24:0,325.9913490703524,1.226820860988236
50,5,83,59,15-24:1,107.41269340507989,0.4042319938246179
50,5,83,59,di-16:0,69.020708641957,0.2597493628086121
50,5,83,59,26:0,20.72914463021144,0.07801111021905494
50,5,84,60,14:0,56.0869030965507,0.21601896235333584
50,5,84,60,15:0,51.11030595478651,0.19685157582882312
50,5,84,60,16:0,4491.385992342303,17.298593575828225
50,5,84,60,9-16:1,1767.0386768107549,6.80575750003116
50,5,84,60,"7,10-16:2",163.32587003431223,0.6290503312249683
50,5,84,60,18:0,691.9059520793542,2.664878921144622
50,5,84,60,11-Me-12-18:1,1746.077396475761,6.72502503349137
50,5,84,60,9-18:1,671.7552462010001,2.587268385810982
50,5,84,60,11-18:1,1347.012429990118,5.188024500169021
50,5,84,60,"9,12-18:2",6587.127765392279,25.370352545929713
50,5,84,60,"12,15-18:2",91.57403465711158,0.35269781095034686
50,5,84,60,20:0,430.6177642793048,1.6585262775232381
50,5,84,60,"9,12,15-18:3",7086.506456433641,27.293711845594025
50,5,84,60,22:0,292.37053585714045,1.1260664485223182
50,5,84,60,23:0,18.494870978769814,0.07123307968733943
50,5,84,60,24:0,332.07066772505283,1.2789716869633483
50,5,84,60,15-24:1,71.30529539817917,0.27463266951460635
50,5,84,60,di-16:0,59.204600778135,0.22802678915289865
50,5,84,60,26:0,8.90874198719724,0.034312060279653694
250,1,49,49,14:0,47.485915498489646,0.15939255888950762
250,1,49,49,15:0,69.20210914524792,0.23228574497132518
250,1,49,49,16:0,5209.662454554438,17.4868994493417
250,1,49,49,9-16:1,1998.0300666609,6.70664389051073
250,1,49,49,"7,10-16:2",163.42422013993277,0.5485543315144593
250,1,49,49,18:0,523.7633984512064,1.7580789473135012
250,1,49,49,11-Me-12-18:1,1634.943315118434,5.4878966931639015
250,1,49,49,9-18:1,826.0577467488358,2.772768654928547
250,1,49,49,11-18:1,1440.9475528747853,4.8367250639948445
250,1,49,49,"9,12-18:2",9174.576538382596,30.795641525052947
250,1,49,49,"12,15-18:2",82.95018016600612,0.27843290664630715
250,1,49,49,20:0,268.8786674439319,0.9025256938776378
250,1,49,49,"9,12,15-18:3",7294.2879507755515,24.48421199309083
250,1,49,49,22:0,298.266348687603,1.0011692108886328
250,1,49,49,23:0,11.614799290782459,0.03898656181546585
250,1,49,49,24:0,536.4742145315372,1.8007444298960635
250,1,49,49,15-24:1,94.74296684201076,0.31801690592260323
250,1,49,49,di-16:0,106.07575472152,0.35605686030706546
250,1,49,49,26:0,10.417769471757422,0.03496857787394295
250,1,50,50,14:0,19.86541926548766,0.13217285742668172
250,1,50,50,15:0,31.52774910943354,0.20976716536080903
250,1,50,50,16:0,2368.5347712790126,15.75884226004098
250,1,50,50,9-16:1,861.1635673580448,5.729677682021647
250,1,50,50,"7,10-16:2",99.56713902680075,0.6624613905750797
250,1,50,50,18:0,408.7051065368447,2.719284252394311
250,1,50,50,11-Me-12-18:1,917.5062620986104,6.104548952517181
250,1,50,50,9-18:1,607.867396381443,4.044393407585119
250,1,50,50,11-18:1,792.2442012448346,5.271128610920781
250,1,50,50,"9,12-18:2",4065.542170440204,27.049734942634963
250,1,50,50,"12,15-18:2",49.2694533919475,0.3278100679192767
250,1,50,50,20:0,230.18712765754947,1.5315302435219862
250,1,50,50,"9,12,15-18:3",4108.433129236294,27.335106245706232
250,1,50,50,22:0,114.34993117527446,0.7608174258993875
250,1,50,50,23:0,10.615863708435837,0.07063173556240221
250,1,50,50,24:0,234.75660723939654,1.5619328826615928
250,1,50,50,15-24:1,59.63827510713246,0.3967981308404939
250,1,50,50,di-16:0,30.086368192283416,0.20017706147656836
250,1,50,50,26:0,20.017495705830605,0.1331846849345122
250,1,51,51,14:0,45.04972990727075,0.13080690342648604
250,1,51,51,15:0,71.87483752962744,0.20869658821228518
250,1,51,51,16:0,6128.751924475073,17.79551315312802
250,1,51,51,9-16:1,2352.690461784792,6.831298537428735
250,1,51,51,"7,10-16:2",179.22957224834988,0.5204130057276218
250,1,51,51,18:0,567.6594615445539,1.6482624095245781
250,1,51,51,11-Me-12-18:1,1984.8042369430616,5.763099949249403
250,1,51,51,9-18:1,1825.6958121452346,5.30111093400537
250,1,51,51,11-18:1,1688.5361122682607,4.902852483782842
250,1,51,51,"9,12-18:2",10101.024846323824,29.329449572756914
250,1,51,51,"12,15-18:2",53.54628520499826,0.15547759713708842
250,1,51,51,20:0,272.67315782906195,0.7917368538403728
250,1,51,51,"9,12,15-18:3",8312.679566533772,24.136790065403133
250,1,51,51,22:0,218.25737464282082,0.6337345725665299
250,1,51,51,23:0,14.958636395669584,0.04343406520811288
250,1,51,51,24:0,440.56763713365154,1.279237155960744
250,1,51,51,15-24:1,98.10741066095314,0.2848657831726249
250,1,51,51,di-16:0,44.89234375379573,0.13034991521766326
250,1,51,51,26:0,38.87243979747772,0.11287045425148949
250,1,52,52,14:0,52.343516646424995,0.1629094536587769
250,1,52,52,15:0,68.69356960306185,0.2137959504994453
250,1,52,52,16:0,5775.050494532373,17.973769841854416
250,1,52,52,9-16:1,1672.3173616567235,5.204776545142408
250,1,52,52,"7,10-16:2",211.0583649077766,0.6568798796897228
250,1,52,52,18:0,639.852964644322,1.9914232663478206
250,1,52,52,11-Me-12-18:1,2064.851126967006,6.426464833326772
250,1,52,52,9-18:1,652.0920539009967,2.0295151537835507
250,1,52,52,11-18:1,1389.9361339514314,4.325917529235885
250,1,52,52,"9,12-18:2",8945.50900138735,27.841231875184235
250,1,52,52,"12,15-18:2",117.83297367414407,0.3667332001002444
250,1,52,52,20:0,419.32906334549057,1.3050836663173682
250,1,52,52,"9,12,15-18:3",9160.18296369616,28.50936462886848
250,1,52,52,22:0,297.93774519960317,0.9272757813093983
250,1,52,52,23:0,16.43841153089914,0.05116149645822124
250,1,52,52,24:0,505.5864451237028,1.5735437133265486
250,1,52,52,15-24:1,72.49081241174207,0.22561416201837015
250,1,52,52,di-16:0,48.08558395508405,0.1496574306212767
250,1,52,52,26:0,20.846738038098298,0.06488159225706491
250,1,53,53,14:0,59.36893869997688,0.16185282078116295
250,1,53,53,15:0,81.08824703925605,0.22106444553148946
250,1,53,53,16:0,6482.187950513154,17.671874006813397
250,1,53,53,9-16:1,2165.6861078603483,5.904137974491226
250,1,53,53,"7,10-16:2",240.2037405734521,0.6548483740036107
250,1,53,53,18:0,816.1219912124233,2.2249285446519464
250,1,53,53,11-Me-12-18:1,2220.380624206129,6.053247288985836
250,1,53,53,9-18:1,749.2416896961058,2.042598092194071
250,1,53,53,11-18:1,1648.4231984964536,4.4939652006590745
250,1,53,53,"9,12-18:2",9490.21599321057,25.872421875114888
250,1,53,53,"12,15-18:2",159.2082251527792,0.43403673531643994
250,1,53,53,20:0,658.7102911421007,1.7957895329358753
250,1,53,53,"9,12,15-18:3",10519.89275843175,28.679547833456066
250,1,53,53,22:0,455.4978147119082,1.2417875034509678
250,1,53,53,23:0,26.21536988664958,0.07146888013980016
250,1,53,53,24:0,639.8287197548682,1.744314204982848
250,1,53,53,15-24:1,109.65186220143521,0.2989351602004733
250,1,53,53,di-16:0,127.6197349782417,0.3479195442242411
250,1,53,53,26:0,31.27479250790078,0.08526198206658012
250,1,54,54,14:0,62.62728845535545,0.1637848828964717
250,1,54,54,15:0,65.51323664213264,0.1713323066709105
250,1,54,54,16:0,6809.030962514333,17.807195015777413
250,1,54,54,9-16:1,2216.012667136103,5.795387029133746
250,1,54,54,"7,10-16:2",251.99504220231518,0.6590254742869721
250,1,54,54,18:0,656.5639856306836,1.7170670829413273
250,1,54,54,11-Me-12-18:1,1825.114508078508,4.77309769193317
250,1,54,54,9-18:1,803.4182943654567,2.1011251565415154
250,1,54,54,11-18:1,2100.7757887836574,5.494015868225753
250,1,54,54,"9,12-18:2",11736.718650416919,30.694241075401195
250,1,54,54,"12,15-18:2",139.85688858414315,0.3657581971690805
250,1,54,54,20:0,505.920124360039,1.3230984506433887
250,1,54,54,"9,12,15-18:3",9893.377868740768,25.873477451244938
250,1,54,54,22:0,357.92370417290624,0.9360534907338439
250,1,54,54,23:0,17.688802936538146,0.046260321802131604
250,1,54,54,24:0,603.4294361207545,1.5781079138014358
250,1,54,54,15-24:1,123.46087642191307,0.32287882304649956
250,1,54,54,di-16:0,24.915028016176016,0.06515857618361803
250,1,54,54,26:0,43.183624116719784,0.11293519156659866
250,5,88,25,14:0,25.248230648623863,0.12802257872240896
250,5,88,25,15:0,35.36598646399263,0.17932523071389647
250,5,88,25,16:0,3090.428135887209,15.670190312291531
250,5,88,25,9-16:1,1175.532747528381,5.960605153114935
250,5,88,25,"7,10-16:2",76.7650990237869,0.3892417678559954
250,5,88,25,18:0,483.6678123243549,2.4524649445946416
250,5,88,25,11-Me-12-18:1,1040.0722501380149,5.273745054588386
250,5,88,25,9-18:1,846.7479287224544,4.293483170030196
250,5,88,25,11-18:1,1391.6398763224458,7.056388548535553
250,5,88,25,"9,12-18:2",5844.186871284193,29.633279424997212
250,5,88,25,"12,15-18:2",86.8375253830912,0.4403145742817393
250,5,88,25,20:0,306.0358968876918,1.5517722903613844
250,5,88,25,"9,12,15-18:3",4841.470759136844,24.5489507767793
250,5,88,25,22:0,158.2358629461928,0.8023438752070104
250,5,88,25,23:0,11.634958190594672,0.058995712278497
250,5,88,25,24:0,194.7619040705466,0.9875512285593295
250,5,88,25,15-24:1,55.13474705922466,0.27956384722405936
250,5,88,25,di-16:0,34.1525678185857,0.17317252297699554
250,5,88,25,26:0,23.782199866530693,0.12058898688692614
250,5,89,26,14:0,34.57280397513322,0.15281837073268312
250,5,89,26,15:0,52.91983189166789,0.23391572447953318
250,5,89,26,16:0,3530.974568364605,15.607579328079039
250,5,89,26,9-16:1,1567.9539455132747,6.930654728195142
250,5,89,26,"7,10-16:2",100.44708347390187,0.44399521810184206
250,5,89,26,18:0,630.0971150038948,2.785149118582252
250,5,89,26,11-Me-12-18:1,1228.0785259708491,5.428340715599625
250,5,89,26,9-18:1,852.6666849867851,3.768948959749984
250,5,89,26,11-18:1,1667.764666030879,7.371837100967864
250,5,89,26,"9,12-18:2",6148.353007016016,27.176889959442757
250,5,89,26,"12,15-18:2",92.07420974832526,0.4069855233714574
250,5,89,26,20:0,343.08055119496845,1.516481304247002
250,5,89,26,"9,12,15-18:3",5831.909568677828,25.778149761492013
250,5,89,26,22:0,203.71388815856585,0.9004541403816555
250,5,89,26,23:0,7.104380334156809,0.03140271262093878
250,5,89,26,24:0,217.35192442977706,0.9607368552131966
250,5,89,26,15-24:1,59.929308949760866,0.2648989465657817
250,5,89,26,di-16:0,35.89413349301861,0.15865889857270102
250,5,89,26,26:0,18.57445700960316,0.08210263360453635
250,5,90,27,14:0,30.137448650932136,0.1462825872402723
250,5,90,27,15:0,35.89204812023335,0.17421453691029992
250,5,90,27,16:0,3546.580785988271,17.214563158283685
250,5,90,27,9-16:1,1595.3979843599673,7.743818912251325
250,5,90,27,"7,10-16:2",119.91191459066543,0.5820341764967074
250,5,90,27,18:0,520.5177210119699,2.526513767504541
250,5,90,27,11-Me-12-18:1,1118.1841766364444,5.427495746706267
250,5,90,27,9-18:1,689.1760872890819,3.345155798702837
250,5,90,27,11-18:1,1704.1886260150995,8.271872123164052
250,5,90,27,"9,12-18:2",4491.529970239295,21.80120262746613
250,5,90,27,"12,15-18:2",80.24467946692226,0.38949545665421414
250,5,90,27,20:0,332.5582183041704,1.6141869587240152
250,5,90,27,"9,12,15-18:3",5898.182355762584,28.628879140012696
250,5,90,27,22:0,144.11855830172652,0.6995295395405848
250,5,90,27,23:0,13.573613275382952,0.06588425221789673
250,5,90,27,24:0,199.63575461297611,0.969001557786048
250,5,90,27,15-24:1,54.40798506419858,0.2640880757328107
250,5,90,27,di-16:0,18.380746598348193,0.08921734546799617
250,5,90,27,26:0,9.593263234226846,0.04656423913761794
250,5,85,61,14:0,35.198630248035776,0.20144192124389354
250,5,85,61,15:0,39.22546479437148,0.22448751369533315
250,5,85,61,16:0,2716.0931927465485,15.5442137142498
250,5,85,61,9-16:1,1216.1637755744698,6.960110827398455
250,5,85,61,"7,10-16:2",80.65040099662579,0.4615626122768609
250,5,85,61,18:0,439.23934361893566,2.513768764324081
250,5,85,61,11-Me-12-18:1,1215.8824693974004,6.9585009108657
250,5,85,61,9-18:1,837.3117459621528,4.7919389362064
250,5,85,61,11-18:1,1178.769616429992,6.746103884279302
250,5,85,61,"9,12-18:2",5013.406699896014,28.691749380231013
250,5,85,61,"12,15-18:2",110.99428061288432,0.6352207735410664
250,5,85,61,20:0,204.00296143212137,1.1675098775363195
250,5,85,61,"9,12,15-18:3",4000.943440580688,22.89741753526625
250,5,85,61,22:0,95.05441691521881,0.5439968609911535
250,5,85,61,23:0,9.445238709769983,0.054055144160316745
250,5,85,61,24:0,200.9835104467275,1.1502295457929146
250,5,85,61,15-24:1,51.36478667453489,0.2939609081117142
250,5,85,61,di-16:0,15.901832664483258,0.09100626077377448
250,5,85,61,26:0,12.707421137808863,0.07272462905565277
250,5,86,62,14:0,45.86120429349344,0.19626270032059248
250,5,86,62,15:0,35.38528804901258,0.1514310906376808
250,5,86,62,16:0,3520.3472657078123,15.065301295021879
250,5,86,62,9-16:1,1766.1288016296178,7.558135750285527
250,5,86,62,"7,10-16:2",98.8255216998323,0.422923123110227
250,5,86,62,18:0,543.5774845875387,2.326236011507474
250,5,86,62,11-Me-12-18:1,1762.9869141423383,7.544690064943059
250,5,86,62,9-18:1,1095.403556807182,4.687771795610268
250,5,86,62,11-18:1,1422.269124863121,6.086590688763158
250,5,86,62,"9,12-18:2",6903.871903555042,29.545071119107497
250,5,86,62,"12,15-18:2",171.34819769783587,0.7332834035502018
250,5,86,62,20:0,314.34569457922424,1.34524018291041
250,5,86,62,"9,12,15-18:3",4963.911397599067,21.24302381617088
250,5,86,62,22:0,277.1311601082489,1.1859808451113885
250,5,86,62,23:0,14.153153969827528,0.06056832259342906
250,5,86,62,24:0,314.28129838765943,1.3449645998627868
250,5,86,62,15-24:1,71.75590780304742,0.3070789013575814
250,5,86,62,di-16:0,22.858952872606046,0.09782472759694474
250,5,86,62,26:0,22.811478543183448,0.09762156153901132
250,5,87,63,14:0,41.07074916472852,0.17650941912202722
250,5,87,63,15:0,12.710312065387699,0.054625003077566986
250,5,87,63,16:0,3820.4211928363147,16.41899257411507
250,5,87,63,9-16:1,2400.111181709448,10.31493798208191
250,5,87,63,"7,10-16:2",162.3873078347237,0.6978905903014923
250,5,87,63,18:0,646.3400751567258,2.7777703972144043
250,5,87,63,11-Me-12-18:1,1819.0152725973257,7.817566897854085
250,5,87,63,9-18:1,696.1758667351918,2.991949266650656
250,5,87,63,11-18:1,1533.1087339584533,6.588828730553348
250,5,87,63,"9,12-18:2",6366.530261127734,27.36138446628437
250,5,87,63,"12,15-18:2",151.34909019233098,0.65045173360115
250,5,87,63,20:0,235.61269539621037,1.0125907330143324
250,5,87,63,"9,12,15-18:3",4817.102385786529,20.70242109673317
250,5,87,63,22:0,143.09244877751362,0.6149672340566452
250,5,87,63,23:0,18.86410871987216,0.08107212408141164
250,5,87,63,24:0,290.8513607951666,1.2499894885992244
250,5,87,63,15-24:1,44.15620782280358,0.18976976928699502
250,5,87,63,di-16:0,53.31603544396241,0.22913588472316407
250,5,87,63,26:0,16.089243472330335,0.06914660864897978
500,1,55,55,14:0,27.330871297458124,0.05575979784853025
500,1,55,55,14:0,39.41648258489874,0.08041657643891051
500,1,55,55,15:0,47.95793654341609,0.0978426489880045
500,1,55,55,15:0,69.16476061072547,0.1411083103762857
500,1,55,55,16:0,3550.8001183228503,7.244258503263795
500,1,55,55,16:0,5120.950938704462,10.447643107556495
500,1,55,55,9-16:1,1191.1740395123454,2.4302051304088077
500,1,55,55,9-16:1,1717.9068414254523,3.5048329472540147
500,1,55,55,"7,10-16:2",129.1657381880729,0.2635208871293088
500,1,55,55,"7,10-16:2",186.28235501329488,0.380048859227386
500,1,55,55,18:0,288.3642922314968,0.5883140155527418
500,1,55,55,18:0,415.8779271667988,0.8484643206615655
500,1,55,55,11-Me-12-18:1,1005.4591115513178,2.0513139224463175
500,1,55,55,11-Me-12-18:1,1450.06945182813,2.9583974334468244
500,1,55,55,9-18:1,748.1101119682986,1.5262765741271214
500,1,55,55,9-18:1,1078.9216662378258,2.2011904907479383
500,1,55,55,11-18:1,1184.2134803666777,2.4160043621035814
500,1,55,55,11-18:1,1707.8683484934002,3.484352651163082
500,1,55,55,"9,12-18:2",5679.521226923673,11.587225011708783
500,1,55,55,"9,12-18:2",8190.984732799943,16.71105351565575
500,1,55,55,"12,15-18:2",26.157089450789194,0.05336507585901865
500,1,55,55,"12,15-18:2",37.72365870035616,0.07696291714763001
500,1,55,55,20:0,193.91011707835912,0.3956108391641261
500,1,55,55,20:0,279.6564613571492,0.570548504751117
500,1,55,55,"9,12,15-18:3",5447.6042665138775,11.114073508803772
500,1,55,55,"9,12,15-18:3",7856.51494105256,16.02867614936927
500,1,55,55,22:0,162.33486362269747,0.3311917531224914
500,1,55,55,22:0,234.11874635336147,0.4776435345633812
500,1,55,55,23:0,8.506540565407347,0.017354843069402978
500,1,55,55,23:0,12.268101679045166,0.025029091175457468
500,1,55,55,24:0,300.3694313591791,0.6128066167441756
500,1,55,55,24:0,433.1916948914153,0.8837874604844371
500,1,55,55,15-24:1,52.72666433247108,0.1075716947479582
500,1,55,55,15-24:1,76.04220237991233,0.15513950457390951
500,1,55,55,di-16:0,17.286284793556426,0.03526706979628832
500,1,55,55,di-16:0,24.930216680877866,0.05086203902233777
500,1,55,55,26:0,9.208274503357393,0.01878650406907212
500,1,55,55,26:0,13.280139796798583,0.02709382743090886
500,1,56,56,14:0,31.701149945086353,0.05327265970658273
500,1,56,56,14:0,50.35020423326875,0.08461173493460666
500,1,56,56,15:0,46.86658036247185,0.07875762840105309
500,1,56,56,15:0,74.43710707822817,0.12508892206718047
500,1,56,56,16:0,4073.3883455269415,6.845184845341916
500,1,56,56,16:0,6469.668623187843,10.872048981644685
500,1,56,56,9-16:1,1291.8512644565374,2.1709102957502906
500,1,56,56,9-16:1,2051.817524508288,3.4480066796464994
500,1,56,56,"7,10-16:2",195.85811816515127,0.3291326307675793
500,1,56,56,"7,10-16:2",311.07692520433545,0.5227537552324432
500,1,56,56,18:0,465.97360788749296,0.7830521444250217
500,1,56,56,18:0,740.095118476449,1.2437036342654826
500,1,56,56,11-Me-12-18:1,1315.6499101455795,2.2109030769416993
500,1,56,56,11-Me-12-18:1,2089.6163637615687,3.511526290270465
500,1,56,56,9-18:1,514.9702197809363,0.8653892153734365
500,1,56,56,9-18:1,817.9153054364318,1.3744777022536498
500,1,56,56,11-18:1,1089.3501661799307,1.8306143721832966
500,1,56,56,11-18:1,1730.1897074306698,2.907522524307436
500,1,56,56,"9,12-18:2",6683.984090948687,11.232198534694264
500,1,56,56,"9,12-18:2",10616.017546812962,17.839841494397803
500,1,56,56,"12,15-18:2",65.3759906443749,0.10986203682236907
500,1,56,56,"12,15-18:2",103.8351759036663,0.17449133552161764
500,1,56,56,20:0,332.03574362614376,0.5579743072809065
500,1,56,56,20:0,527.3647023303923,0.8862177043159549
500,1,56,56,"9,12,15-18:3",6179.0775611676,10.383720993934627
500,1,56,56,"9,12,15-18:3",9814.086167754926,16.492224214312003
500,1,56,56,22:0,217.16607193244238,0.364939892398618
500,1,56,56,22:0,344.9198560076216,0.5796256018146628
500,1,56,56,23:0,17.754768494554938,0.029836259625218617
500,1,56,56,23:0,28.19948870510323,0.0473882420129506
500,1,56,56,24:0,344.4464852626347,0.5788301190433305
500,1,56,56,24:0,547.0763966117069,0.9193425084163634
500,1,56,56,15-24:1,65.88757969184303,0.11072174409742358
500,1,56,56,15-24:1,104.6477209712157,0.1758567887293027
500,1,56,56,di-16:0,44.10726954874312,0.07412070430652987
500,1,56,56,di-16:0,70.05455744659113,0.11772420263025682
500,1,56,56,26:0,15.66297323663227,0.026321071780481455
500,1,56,56,26:0,24.877138612660787,0.04180515035200429
500,1,57,57,14:0,31.396521038836944,0.05548520573426368
500,1,57,57,14:0,28.589563767929622,0.050524636967076805
500,1,57,57,15:0,54.518199489536755,0.09634677393704741
500,1,57,57,15:0,49.64408441593878,0.08773304003651337
500,1,57,57,16:0,5519.105435357593,9.753587035044724
500,1,57,57,16:0,5025.678373438283,8.88158271292317
500,1,57,57,9-16:1,1659.4396631850593,2.932629096119468
500,1,57,57,9-16:1,1511.0800337074027,2.670441939967856
500,1,57,57,"7,10-16:2",221.0333720887509,0.39061914246205637
500,1,57,57,"7,10-16:2",201.27222625573899,0.35569644383779914
500,1,57,57,18:0,499.197530409929,0.8822021281456384
500,1,57,57,18:0,454.5675494043954,0.8033302150777806
500,1,57,57,11-Me-12-18:1,1492.3434514929572,2.637329891736796
500,1,57,57,11-Me-12-18:1,1358.9227996736859,2.4015435029762515
500,1,57,57,9-18:1,576.9799170972949,1.0196623175249653
500,1,57,57,9-18:1,525.3959224419509,0.9285009894113665
500,1,57,57,11-18:1,1381.6113458521136,2.441639622255333
500,1,57,57,11-18:1,1258.0905262042781,2.2233486185435756
500,1,57,57,"9,12-18:2",8706.128486012554,15.385823467440924
500,1,57,57,"9,12-18:2",7927.770570973583,14.010277782063621
500,1,57,57,"12,15-18:2",62.9232377271253,0.11120049850226532
500,1,57,57,"12,15-18:2",57.29768324519066,0.10125879039348006
500,1,57,57,20:0,336.65714758177876,0.5949541693609671
500,1,57,57,20:0,306.5588374206412,0.5417632145580888
500,1,57,57,"9,12,15-18:3",8351.42264330462,14.75897291181885
500,1,57,57,"9,12,15-18:3",7604.776654022987,13.43946982819029
500,1,57,57,22:0,212.964476172455,0.37635946224429484
500,1,57,57,22:0,193.92471746486453,0.3427116282147023
500,1,57,57,23:0,25.27292085331558,0.04466333105242426
500,1,57,57,23:0,23.013434559960718,0.04067027520762333
500,1,57,57,24:0,367.2050646030819,0.6489396876476458
500,1,57,57,24:0,334.37566529713257,0.5909222413079805
500,1,57,57,15-24:1,78.28798776446837,0.13835370811497905
500,1,57,57,15-24:1,71.28877163449174,0.1259844094124271
500,1,57,57,di-16:0,29.168651942447124,0.051548025082646595
500,1,57,57,di-16:0,26.560873852921254,0.04693945384548102
500,1,57,57,26:0,10.953348428426452,0.019357201719214075
500,1,57,57,26:0,9.97408129962829,0.017626601120410264
500,1,58,58,14:0,47.046509849718966,0.14984479198442574
500,1,58,58,15:0,62.39217404362431,0.19872127328652028
500,1,58,58,16:0,5352.345555796845,17.047409233948407
500,1,58,58,9-16:1,2236.5000422640564,7.123331458097923
500,1,58,58,"7,10-16:2",182.455996661224,0.5811287798679396
500,1,58,58,18:0,504.10228948282156,1.6055835586468565
500,1,58,58,11-Me-12-18:1,2718.659064738679,8.659024937952422
500,1,58,58,9-18:1,1349.8585768418588,4.2993471418256455
500,1,58,58,11-18:1,1972.3751316329956,6.282084308886645
500,1,58,58,"9,12-18:2",7243.126822413446,23.069614207053462
500,1,58,58,"12,15-18:2",43.453827817428746,0.138401973090647
500,1,58,58,20:0,299.0280141721283,0.9524147641189187
500,1,58,58,"9,12,15-18:3",8109.832510746056,25.83010237067639
500,1,58,58,22:0,366.8809976731526,1.168528907988709
500,1,58,58,23:0,11.092108444871126,0.03532875632857034
500,1,58,58,24:0,748.7076669978013,2.3846603069345518
500,1,58,58,15-24:1,91.73327709623624,0.29217372061059094
500,1,58,58,di-16:0,31.963020801599797,0.10180334776179374
500,1,58,58,26:0,25.273240253168346,0.08049616093957815
500,1,59,59,14:0,35.750810173774916,0.11943345326518326
500,1,59,59,15:0,56.220627337468905,0.1878173846973237
500,1,59,59,16:0,5234.841813404328,17.48814172414143
500,1,59,59,9-16:1,2216.993044028808,7.40635341762082
500,1,59,59,"7,10-16:2",203.2183556013827,0.6788956630177079
500,1,59,59,18:0,533.8265103144186,1.7833649996027747
500,1,59,59,11-Me-12-18:1,1989.7930801977843,6.64734191186286
500,1,59,59,9-18:1,1394.840633027105,4.659772261027649
500,1,59,59,11-18:1,1927.320387587828,6.438638126496489
500,1,59,59,"9,12-18:2",8080.060530792133,26.99322133102633
500,1,59,59,"12,15-18:2",58.32774350129183,0.19485667020310682
500,1,59,59,20:0,375.179091303411,1.2533683642260378
500,1,59,59,"9,12,15-18:3",6691.509935970268,22.35446232761075
500,1,59,59,22:0,421.9548067090539,1.4096329409640336
500,1,59,59,23:0,12.628422421473923,0.04218802571905021
500,1,59,59,24:0,513.4521112964209,1.7152998334962108
500,1,59,59,15-24:1,127.63563268132071,0.42639493473630025
500,1,59,59,di-16:0,19.792240945132068,0.06612033888025534
500,1,59,59,26:0,40.319537060227375,0.13469629140569556
500,1,60,60,14:0,55.315224053405444,0.17243670582271328
500,1,60,60,15:0,42.27004211666472,0.13177035693731912
500,1,60,60,16:0,5560.755701918663,17.334800889497462
500,1,60,60,9-16:1,2285.9706046364236,7.126161873456124
500,1,60,60,"7,10-16:2",244.6827649818613,0.7627608978737883
500,1,60,60,18:0,776.7532138237426,2.4214087119968166
500,1,60,60,11-Me-12-18:1,2077.3739117635737,6.475893756856276
500,1,60,60,9-18:1,1370.5930713387156,4.272613160111264
500,1,60,60,11-18:1,1913.8280509553124,5.966064682287422
500,1,60,60,"9,12-18:2",7751.566313145194,24.164316115118073
500,1,60,60,"12,15-18:2",82.0280922844354,0.25570996521307154
500,1,60,60,20:0,549.6288329066705,1.7133833767012274
500,1,60,60,"9,12,15-18:3",8371.50190083405,26.096869989619698
500,1,60,60,22:0,283.67022351074286,0.8842983052000106
500,1,60,60,23:0,21.005687609010735,0.0654820013264649
500,1,60,60,24:0,505.5257905352908,1.5758989233084715
500,1,60,60,15-24:1,116.16473746536647,0.3621257077789043
500,1,60,60,di-16:0,43.54421924069163,0.13574240820641872
500,1,60,60,26:0,26.38852610685308,0.08226217268846577
500,5,91,28,14:0,22.66930797354895,0.11419770493978426
500,5,91,28,15:0,49.32562517427777,0.24848015635038917
500,5,91,28,16:0,2786.2399959850572,14.035815002565993
500,5,91,28,9-16:1,1774.2382126382558,8.937808429625118
500,5,91,28,"7,10-16:2",88.2764048865628,0.44469654080942034
500,5,91,28,18:0,308.2266860749518,1.552706425446492
500,5,91,28,11-Me-12-18:1,1255.533713239554,6.324810121851983
500,5,91,28,9-18:1,1645.62119364844,8.289894148255277
500,5,91,28,11-18:1,1904.931469005369,9.596181854418052
500,5,91,28,"9,12-18:2",6152.110442288808,30.99154565570426
500,5,91,28,"12,15-18:2",97.6007447553872,0.4916683413752218
500,5,91,28,20:0,153.89663607008598,0.7752615411843854
500,5,91,28,"9,12,15-18:3",3298.59793136665,16.616842195656094
500,5,91,28,22:0,76.0085118165042,0.38289645257196486
500,5,91,28,23:0,12.387186728769954,0.062401035652991946
500,5,91,28,24:0,160.77463295481752,0.8099097739286674
500,5,91,28,15-24:1,36.58539694027803,0.1843006575130437
500,5,91,28,di-16:0,21.464722502290826,0.10812954898275215
500,5,91,28,26:0,6.442503267440875,0.032454413168115336
500,5,92,29,14:0,33.20491186173221,0.13573003043109
500,5,92,29,15:0,38.91980210759912,0.15909049680461496
500,5,92,29,16:0,3797.1807612350644,15.521542789238959
500,5,92,29,9-16:1,1791.6923214604942,7.323809631768641
500,5,92,29,"7,10-16:2",69.73650679875509,0.28505837417570434
500,5,92,29,18:0,414.7912494331699,1.6955211067130656
500,5,92,29,11-Me-12-18:1,1497.8641299625674,6.122743068496479
500,5,92,29,9-18:1,1896.0052635586958,7.750204343018052
500,5,92,29,11-18:1,1638.0464806499506,6.695759338014976
500,5,92,29,"9,12-18:2",8779.925663375838,35.889255855731186
500,5,92,29,"12,15-18:2",62.98850562961383,0.2574749127935305
500,5,92,29,20:0,198.61232415559556,0.8118575021033707
500,5,92,29,"9,12,15-18:3",3755.824414886293,15.352492554387814
500,5,92,29,22:0,122.80843031640991,0.5019977783242081
500,5,92,29,23:0,8.672920602684421,0.035451856708147086
500,5,92,29,24:0,269.5584761065711,1.1018604812822559
500,5,92,29,15-24:1,37.50531668338918,0.15330857663353298
500,5,92,29,di-16:0,27.893724740805418,0.11401976080139069
500,5,92,29,26:0,22.70780556238604,0.09282154257298322
500,5,93,30,14:0,30.09477418385766,0.1258579124597358
500,5,93,30,15:0,52.25694598121105,0.21854126874439783
500,5,93,30,16:0,3685.820557744919,15.41429346719529
500,5,93,30,9-16:1,1752.5456576749862,7.329237183100698
500,5,93,30,"7,10-16:2",76.73762465315122,0.3209207414868985
500,5,93,30,18:0,423.30565471631286,1.770286286566437
500,5,93,30,11-Me-12-18:1,1520.863697127246,6.360331162042801
500,5,93,30,9-18:1,1859.0431916000402,7.774615414551481
500,5,93,30,11-18:1,1643.9161288895577,6.87494283814588
500,5,93,30,"9,12-18:2",8498.969317436686,35.54313216696858
500,5,93,30,"12,15-18:2",63.7324232231088,0.26653231201725763
500,5,93,30,20:0,221.32647542621652,0.9255988431425398
500,5,93,30,"9,12,15-18:3",3616.097391852808,15.122707557440506
500,5,93,30,22:0,106.65994502321874,0.446057443118909
500,5,93,30,23:0,14.500586288882886,0.06064220680346473
500,5,93,30,24:0,256.08954086938354,1.0709797926937403
500,5,93,30,15-24:1,44.12736303835321,0.1845429296272638
500,5,93,30,di-16:0,22.007749550551395,0.09203755440885776
500,5,93,30,26:0,23.61111674336812,0.09874291948524967
500,5,94,64,14:0,39.27060710466854,0.1612650807133914
500,5,94,64,15:0,44.61690543616598,0.18321970009701452
500,5,94,64,16:0,3496.898135277774,14.360041812672605
500,5,94,64,9-16:1,1973.715273556523,8.10507848903378
500,5,94,64,"7,10-16:2",92.08864286997893,0.3781627919739585
500,5,94,64,18:0,369.39620989059176,1.5169286648523779
500,5,94,64,11-Me-12-18:1,1116.7317081917208,4.585868218862651
500,5,94,64,9-18:1,2515.655360619413,10.330560047011259
500,5,94,64,11-18:1,1977.561312635103,8.120872281087488
500,5,94,64,"9,12-18:2",7992.143917600621,32.81980669434784
500,5,94,64,"12,15-18:2",146.91848249620804,0.6033219928301882
500,5,94,64,20:0,488.7744565492134,2.0071564459384796
500,5,94,64,"9,12,15-18:3",3424.9541122832566,14.064603072850382
500,5,94,64,22:0,296.8285118978118,1.2189287983670072
500,5,94,64,23:0,15.039345383601347,0.061759199207152476
500,5,94,64,24:0,253.96469681791234,1.042908178667392
500,5,94,64,15-24:1,59.66953299145185,0.24503344265469496
500,5,94,64,di-16:0,34.5325413141768,0.14180817341138602
500,5,94,64,26:0,12.827665107853578,0.052676915420959654
500,5,95,65,14:0,45.11113262797287,0.16167891538111215
500,5,95,65,15:0,55.82519661034374,0.2000782670063343
500,5,95,65,16:0,4150.9856657508135,14.877189312355629
500,5,95,65,9-16:1,2082.487192333829,7.463662535992521
500,5,95,65,"7,10-16:2",136.2411650765448,0.4882901961582747
500,5,95,65,18:0,662.6015279468938,2.37477292471908
500,5,95,65,11-Me-12-18:1,2152.364679669643,7.714104404858528
500,5,95,65,9-18:1,1336.6976521300423,4.790742639320334
500,5,95,65,11-18:1,1775.5443081331346,6.36357504737234
500,5,95,65,"9,12-18:2",9096.116744027262,32.60060662813792
500,5,95,65,"12,15-18:2",108.59736270810215,0.38921443096305114
500,5,95,65,20:0,477.1425651600146,1.7100854694434515
500,5,95,65,"9,12,15-18:3",5084.997795258916,18.224701539482314
500,5,95,65,22:0,219.82883823826396,0.7878695582520908
500,5,95,65,23:0,12.992642730494104,0.04656580897501117
500,5,95,65,24:0,345.2332141851431,1.237320554181291
500,5,95,65,15-24:1,79.53014094522554,0.2850371112198087
500,5,95,65,di-16:0,63.67992280864314,0.22822971296602132
500,5,95,65,26:0,15.701654238675033,0.05627494321488283
500,5,96,66,14:0,59.21433000103427,0.18362289941966484
500,5,96,66,15:0,8.177479861922238,0.025358263146198812
500,5,96,66,16:0,4622.014150905584,14.332808283622894
500,5,96,66,9-16:1,2351.0096446676075,7.290451610445002
500,5,96,66,"7,10-16:2",112.56365499427304,0.3490584913983192
500,5,96,66,18:0,497.38467589986175,1.5423836816873158
500,5,96,66,11-Me-12-18:1,1649.5064851756151,5.115099054809815
500,5,96,66,9-18:1,2991.952726068642,9.278008118604033
500,5,96,66,11-18:1,2942.3607065847914,9.12422388418743
500,5,96,66,"9,12-18:2",10539.173365519775,32.68184527004606
500,5,96,66,"12,15-18:2",101.42277135338769,0.31451075006272106
500,5,96,66,20:0,422.07355224649365,1.3088448257458096
500,5,96,66,"9,12,15-18:3",5241.170291098794,16.252803758599644
500,5,96,66,22:0,237.5003868206025,0.7364857398627878
500,5,96,66,23:0,10.384487059261867,0.03220216496200071
500,5,96,66,24:0,315.20797029402735,0.9774559878422323
500,5,96,66,15-24:1,79.82624451845669,0.2475401894778869
500,5,96,66,di-16:0,32.68389759869886,0.10135235915535448
500,5,96,66,26:0,34.164815439490695,0.10594466692483791
750,1,61,61,14:0,46.25572378180881,0.12154413589370325
750,1,61,61,15:0,82.57527665130566,0.2169794314344628
750,1,61,61,16:0,6417.69301139146,16.863490347272442
750,1,61,61,9-16:1,3295.131564646731,8.658472637251462
750,1,61,61,"7,10-16:2",339.21186334479756,0.891332130259537
750,1,61,61,18:0,1241.5564436511736,3.262383393213443
750,1,61,61,11-Me-12-18:1,2698.5873516181814,7.090959582284214
750,1,61,61,9-18:1,1800.6193606780253,4.731408491183375
750,1,61,61,11-18:1,2061.200518391283,5.41612616620751
750,1,61,61,"9,12-18:2",8557.37458209983,22.485837731267065
750,1,61,61,"12,15-18:2",253.75824250260297,0.6667894000831389
750,1,61,61,20:0,661.6651098304443,1.7386283782890741
750,1,61,61,"9,12,15-18:3",8690.146591058245,22.83471691378389
750,1,61,61,22:0,508.52421223368384,1.3362267607901277
750,1,61,61,23:0,21.99862661846899,0.05780482596710704
750,1,61,61,24:0,1065.2837646374899,2.799199408601096
750,1,61,61,15-24:1,166.27225610870173,0.4369063121173454
750,1,61,61,di-16:0,100.351706391489,0.26368977591501835
750,1,61,61,26:0,48.52392099241522,0.12750417818598458
750,1,62,62,14:0,55.89910197949275,0.12143002794895152
750,1,62,62,15:0,80.8283880493154,0.1755840983545284
750,1,62,62,16:0,7260.053391637455,15.771067066172865
750,1,62,62,9-16:1,3361.720330899583,7.3026896547900355
750,1,62,62,"7,10-16:2",314.73651280093736,0.6837044280245193
750,1,62,62,18:0,1016.7081660560877,2.208602583014846
750,1,62,62,11-Me-12-18:1,2778.4573706268147,6.035663261530737
750,1,62,62,9-18:1,3613.661736575611,7.849983812466517
750,1,62,62,11-18:1,3123.415602820778,6.785018551565648
750,1,62,62,"9,12-18:2",10448.67343555215,22.697729701883812
750,1,62,62,"12,15-18:2",176.0741918428137,0.38248725434633424
750,1,62,62,20:0,901.4310033157491,1.9581851595190172
750,1,62,62,"9,12,15-18:3",11282.458221739835,24.508966489324955
750,1,62,62,22:0,474.16621586420536,1.0300347376951104
750,1,62,62,23:0,13.32949489020878,0.028955759211610622
750,1,62,62,24:0,791.6418303598847,1.7196893363586776
750,1,62,62,15-24:1,179.91774582161412,0.3908366347574947
750,1,62,62,di-16:0,124.65560365041547,0.27079027925737587
750,1,62,62,26:0,36.17405481848559,0.0785811637769618
750,1,63,63,14:0,56.13068991608033,0.12620986297808265
750,1,63,63,15:0,77.02205466626589,0.17318409911321886
750,1,63,63,16:0,7045.317279042661,15.841396743109645
750,1,63,63,9-16:1,2775.1167745818984,6.239850398985053
750,1,63,63,"7,10-16:2",223.47385032152263,0.5024809791298124
750,1,63,63,18:0,1047.3816225068745,2.3550377032598124
750,1,63,63,11-Me-12-18:1,2214.742380463412,4.979848506903212
750,1,63,63,9-18:1,3511.6051314447463,7.89584455732488
750,1,63,63,11-18:1,2914.791663091118,6.553909402474647
750,1,63,63,"9,12-18:2",11151.46623554142,25.07407316205459
750,1,63,63,"12,15-18:2",169.84943670720156,0.38190647871547456
750,1,63,63,20:0,914.7687003292347,2.056857531909946
750,1,63,63,"9,12,15-18:3",10804.249508362882,24.29335630953738
750,1,63,63,22:0,461.7618159825597,1.038271498369268
750,1,63,63,23:0,6.99384088203265,0.015725652058286566
750,1,63,63,24:0,764.094411174878,1.7180663747564777
750,1,63,63,15-24:1,160.4606046450356,0.360795688702706
750,1,63,63,di-16:0,134.86332693720422,0.30324020672043633
750,1,63,63,26:0,40.002152155199624,0.0899448438970606
750,1,64,64,14:0,64.97758605243739,0.16888879718955505
750,1,64,64,15:0,68.70500531200761,0.17857705114934314
750,1,64,64,16:0,6534.790361219262,16.98513212081414
750,1,64,64,9-16:1,2732.984962568794,7.10353478956411
750,1,64,64,"7,10-16:2",335.8589801415569,0.8729597793251733
750,1,64,64,18:0,938.3539707279855,2.438956001326364
750,1,64,64,11-Me-12-18:1,3018.4918949533935,7.845620258248676
750,1,64,64,9-18:1,1977.989097988272,5.141160512545098
750,1,64,64,11-18:1,1856.416470447065,4.825170706151882
750,1,64,64,"9,12-18:2",8883.233751037162,23.089172043965895
750,1,64,64,"12,15-18:2",148.23187150008346,0.3852821257872306
750,1,64,64,20:0,405.3241110022514,1.0535125377519023
750,1,64,64,"9,12,15-18:3",9984.97240369432,25.95279513569398
750,1,64,64,22:0,381.3946090519585,0.9913153241085915
750,1,64,64,23:0,17.67967277968503,0.045952748507097206
750,1,64,64,24:0,859.7053248227936,2.2345335840824285
750,1,64,64,15-24:1,143.05684002732846,0.3718312592046161
750,1,64,64,di-16:0,79.27659302187476,0.20605456826212867
750,1,64,64,26:0,42.148072084739304,0.10955065632179276
750,1,65,65,14:0,57.524380683070106,0.12365344380473031
750,1,65,65,15:0,105.35259516530377,0.22646417138723596
750,1,65,65,16:0,7808.797740300242,16.785660638097067
750,1,65,65,9-16:1,3271.2880587901295,7.031905938723823
750,1,65,65,"7,10-16:2",420.60024074771644,0.9041152223801406
750,1,65,65,18:0,1036.2953183502466,2.2276030335506145
750,1,65,65,11-Me-12-18:1,3046.0555555724027,6.5477499278477485
750,1,65,65,9-18:1,1734.6002573499827,3.7286676170861024
750,1,65,65,11-18:1,2643.3351234573443,5.682068842189194
750,1,65,65,"9,12-18:2",12212.014274046418,26.250741039664693
750,1,65,65,"12,15-18:2",181.1522373299154,0.38940181072420305
750,1,65,65,20:0,588.727683144815,1.2655191523941356
750,1,65,65,"9,12,15-18:3",12078.664417461707,25.964094424755213
750,1,65,65,22:0,432.4267068916683,0.9295371956265227
750,1,65,65,23:0,20.805275125063673,0.044722670422007074
750,1,65,65,24:0,661.5301751216123,1.4220141679614509
750,1,65,65,15-24:1,125.58185174694167,0.26994864201040636
750,1,65,65,di-16:0,52.20650919898556,0.11222223646429987
750,1,65,65,26:0,43.687457072022504,0.09390982491041032
750,1,66,66,14:0,72.96005693737736,0.16069813558893783
750,1,66,66,15:0,92.83340291940931,0.20447016348041228
750,1,66,66,16:0,7571.911105197472,16.67750887989023
750,1,66,66,9-16:1,3356.2711234107715,7.39235322316195
750,1,66,66,"7,10-16:2",412.21989531564344,0.9079347167553379
750,1,66,66,18:0,1026.215148752488,2.2602896439512734
750,1,66,66,11-Me-12-18:1,2553.761948709509,5.624787056400324
750,1,66,66,9-18:1,1952.290224393438,4.300015821777838
750,1,66,66,11-18:1,3102.6060444003065,6.833643334873482
750,1,66,66,"9,12-18:2",10858.081075599534,23.91546084482943
750,1,66,66,"12,15-18:2",199.439881434096,0.43927620747399754
750,1,66,66,20:0,857.7690325119677,1.8892787379389222
750,1,66,66,"9,12,15-18:3",11861.255323290774,26.125001764091387
750,1,66,66,22:0,575.456268313583,1.2674709054891875
750,1,66,66,23:0,25.063059122905656,0.055202627879843806
750,1,66,66,24:0,564.6248318878164,1.2436141308040365
750,1,66,66,15-24:1,131.87472617347956,0.29046060977678895
750,1,66,66,di-16:0,167.59916109892063,0.369145445404236
750,1,66,66,26:0,19.698876594494898,0.04338775043239002
750,5,100,31,14:0,21.527791051438538,0.11750116651833324
750,5,100,31,15:0,31.919965974201116,0.17422285585327205
750,5,100,31,16:0,2772.3623443578203,15.131873432586907
750,5,100,31,9-16:1,1365.5562849837968,7.453363703161532
750,5,100,31,"7,10-16:2",66.50936498155086,0.3630157850869514
750,5,100,31,18:0,430.27932979946684,2.348514209347343
750,5,100,31,11-Me-12-18:1,1722.8564648473337,9.403549294932706
750,5,100,31,9-18:1,1207.2564478381512,6.589344934127975
750,5,100,31,11-18:1,997.8641764259252,5.446457765998577
750,5,100,31,"9,12-18:2",6236.791235418324,34.04112589823749
750,5,100,31,"12,15-18:2",90.0447990548525,0.49147489877495226
750,5,100,31,20:0,161.95952794942826,0.8839937835398471
750,5,100,31,"9,12,15-18:3",2659.7687523879194,14.517324621362333
750,5,100,31,22:0,121.67969969852707,0.6641418351755146
750,5,100,31,23:0,3.081470990223089,0.016819024073509
750,5,100,31,24:0,332.5187602575078,1.8149257453368077
750,5,100,31,15-24:1,48.861640523883764,0.26669246955423964
750,5,100,31,di-16:0,21.315794343597304,0.11634406403578537
750,5,100,31,26:0,29.1885573036726,0.159314512295936
750,5,101,32,14:0,29.01352519128973,0.11497017059765684
750,5,101,32,15:0,38.94531212900681,0.15432627196901708
750,5,101,32,16:0,3499.999324328322,13.869239148178922
750,5,101,32,9-16:1,2091.9655259330484,8.289707362866237
750,5,101,32,"7,10-16:2",65.18905569623958,0.25832079366718463
750,5,101,32,18:0,357.4191732384385,1.4163236990737442
750,5,101,32,11-Me-12-18:1,1938.0575387276463,7.679825336167208
750,5,101,32,9-18:1,4188.8440455362825,16.598883153532345
750,5,101,32,11-18:1,1702.405621344079,6.7460214993488075
750,5,101,32,"9,12-18:2",7062.011319749047,27.98421221968166
750,5,101,32,"12,15-18:2",100.58067338102212,0.39856505203011056
750,5,101,32,20:0,185.4678598152086,0.734942456759387
750,5,101,32,"9,12,15-18:3",3393.6500382962613,13.447815157904353
750,5,101,32,22:0,183.09240836536367,0.7255293965871223
750,5,101,32,23:0,9.790730411291213,0.03879714506390803
750,5,101,32,24:0,286.68192066946006,1.136017395656794
750,5,101,32,15-24:1,54.80087489676825,0.21715616748542452
750,5,101,32,di-16:0,23.2804409376979,0.09225201862058946
750,5,101,32,26:0,24.50274110914519,0.09709555480953312
750,5,102,33,14:0,41.50861624779,0.14074177207497268
750,5,102,33,15:0,7.579012422681106,0.02569788480971497
750,5,102,33,16:0,4471.020060141359,15.159726898401454
750,5,102,33,9-16:1,2156.8421515684704,7.313127103192831
750,5,102,33,"7,10-16:2",110.06282715678182,0.37318606915622343
750,5,102,33,18:0,508.1786302759239,1.7230630028403768
750,5,102,33,11-Me-12-18:1,1841.9949527476429,6.245586030988483
750,5,102,33,9-18:1,2898.711442646052,9.828556623920871
750,5,102,33,11-18:1,2061.4671692470656,6.989742581208231
750,5,102,33,"9,12-18:2",9162.905534330028,31.068334211835925
750,5,102,33,"12,15-18:2",147.21623546087375,0.49916079431033666
750,5,102,33,20:0,317.00583731163516,1.074860290090385
750,5,102,33,"9,12,15-18:3",5060.943293209959,17.159958385633757
750,5,102,33,22:0,216.55012432540607,0.7342487173909582
750,5,102,33,23:0,12.481550829613308,0.04232074544516167
750,5,102,33,24:0,335.23426948528515,1.1366667793973981
750,5,102,33,15-24:1,82.18149850956847,0.27864985098435335
750,5,102,33,di-16:0,33.80944502742217,0.11463646915197073
750,5,102,33,26:0,27.055405176198228,0.09173578916659894
750,5,97,67,14:0,20.444176047360944,0.08567335384290982
750,5,97,67,15:0,30.888222418881828,0.1294401693049871
750,5,97,67,16:0,3067.850590534318,12.856133138902145
750,5,97,67,9-16:1,1766.830099534779,7.404077324861741
750,5,97,67,"7,10-16:2",69.57286897197302,0.2915520296584253
750,5,97,67,18:0,526.2951093937116,2.2054920202421564
750,5,97,67,11-Me-12-18:1,1191.399121032627,4.992676556291734
750,5,97,67,9-18:1,3317.6670569519524,13.903013897197422
750,5,97,67,11-18:1,2062.7875485810023,8.64431646171143
750,5,97,67,"9,12-18:2",7226.972167850301,30.285345925155276
750,5,97,67,"12,15-18:2",87.09839845088487,0.36499450466220423
750,5,97,67,20:0,270.3971781336595,1.1331262784424962
750,5,97,67,"9,12,15-18:3",3683.4932968343755,15.436045153720663
750,5,97,67,22:0,139.97013331680702,0.5865587701509756
750,5,97,67,23:0,8.619807270811302,0.036122160005818964
750,5,97,67,24:0,281.5256146169044,1.1797610987619223
750,5,97,67,15-24:1,36.12262795615438,0.15137546651203335
750,5,97,67,di-16:0,38.79373996505664,0.16256902715065194
750,5,97,67,26:0,36.206433844375965,0.15172666342498764
750,5,98,68,14:0,27.52470430316677,0.11325507186540398
750,5,98,68,15:0,41.334294986832106,0.17007697876343336
750,5,98,68,16:0,3160.3257851763815,13.003697332256559
750,5,98,68,9-16:1,1978.8224364194202,8.142201085145564
750,5,98,68,"7,10-16:2",76.06473285102557,0.3129812655053488
750,5,98,68,18:0,434.84600250704364,1.7892477507434195
750,5,98,68,11-Me-12-18:1,1188.6076599744356,4.890728142524916
750,5,98,68,9-18:1,3334.6039221556207,13.72079433394466
750,5,98,68,11-18:1,2028.9480355830744,8.348451378447459
750,5,98,68,"9,12-18:2",7663.238133682037,31.531695163461205
750,5,98,68,"12,15-18:2",66.43015203907697,0.2733381459923541
750,5,98,68,20:0,404.5450416483539,1.6645692996384291
750,5,98,68,"9,12,15-18:3",3305.2948461488113,13.600197161568211
750,5,98,68,22:0,209.7345259856246,0.8629883377321321
750,5,98,68,23:0,13.032897310166279,0.05362607006490132
750,5,98,68,24:0,243.99127335896873,1.0039435444769582
750,5,98,68,15-24:1,62.05296957165955,0.2553274851163965
750,5,98,68,di-16:0,48.77935520698986,0.20071094383673724
750,5,98,68,26:0,15.109476742214676,0.062170508915922976
750,5,99,69,14:0,38.63666205260928,0.15859969748522765
750,5,99,69,15:0,51.59958568722451,0.21181122399273658
750,5,99,69,16:0,3542.979912272132,14.543584057998359
750,5,99,69,9-16:1,1767.7968798054605,7.2566323139071685
750,5,99,69,"7,10-16:2",100.08968708076972,0.4108583208038576
750,5,99,69,18:0,460.8253380478095,1.8916426866376912
750,5,99,69,11-Me-12-18:1,1262.6091611697518,5.182886418369469
750,5,99,69,9-18:1,2562.352937044051,10.518206777599364
750,5,99,69,11-18:1,1789.8954699047326,7.347344852682445
750,5,99,69,"9,12-18:2",7131.074391364858,29.272358975398095
750,5,99,69,"12,15-18:2",183.0144792153541,0.7512564361654375
750,5,99,69,20:0,367.09693353578507,1.5068968050928797
750,5,99,69,"9,12,15-18:3",4431.670374233399,18.191570994166558
750,5,99,69,22:0,252.5836343933021,1.0368309754592704
750,5,99,69,23:0,11.502245528597687,0.0472155865522862
750,5,99,69,24:0,271.75681640726344,1.1155350017828414
750,5,99,69,15-24:1,64.96075278327828,0.26665750073885613
750,5,99,69,di-16:0,37.55057658687691,0.15414142347403822
750,5,99,69,26:0,33.123802606105414,0.1359699516934313
1000,1,67,67,14:0,102.91558358471175,0.1878459773729275
1000,1,67,67,15:0,103.7876246810677,0.18943766452416932
1000,1,67,67,16:0,9223.987481533659,16.83602116795198
1000,1,67,67,9-16:1,4356.5803713661835,7.951819047786671
1000,1,67,67,"7,10-16:2",583.2293356448432,1.064535425741332
1000,1,67,67,18:0,1909.1943973184248,3.484744244432117
1000,1,67,67,11-Me-12-18:1,4192.121834676525,7.651642208811047
1000,1,67,67,9-18:1,2278.1420518284845,4.158163471597503
1000,1,67,67,11-18:1,3450.914003842546,6.298757596298783
1000,1,67,67,"9,12-18:2",11801.084438228156,21.539850070759538
1000,1,67,67,"12,15-18:2",137.6979069184505,0.2513321793099676
1000,1,67,67,20:0,887.5113419226641,1.6199241130066049
1000,1,67,67,"9,12,15-18:3",14016.508465648156,25.583537889753728
1000,1,67,67,22:0,446.5484788763154,0.815059610383207
1000,1,67,67,23:0,27.355790264257685,0.049930972356276436
1000,1,67,67,24:0,961.726817325188,1.7553854107770088
1000,1,67,67,15-24:1,169.83138386823384,0.30998359218422894
1000,1,67,67,di-16:0,97.27675062050548,0.17755373539645233
1000,1,67,67,26:0,40.80312052730589,0.07447562155645919
1000,1,68,68,14:0,76.32804994681673,0.17721765710711443
1000,1,68,68,15:0,78.58626838379186,0.18246076473158104
1000,1,68,68,16:0,7022.786924936048,16.305432224022745
1000,1,68,68,9-16:1,3244.793453815303,7.533727038517532
1000,1,68,68,"7,10-16:2",289.34359847772913,0.6717948992132388
1000,1,68,68,18:0,1051.8356490238891,2.4421408579367054
1000,1,68,68,11-Me-12-18:1,2960.9726878518836,6.874754993280819
1000,1,68,68,9-18:1,3336.6929481972397,7.747098310219652
1000,1,68,68,11-18:1,2851.8117267806247,6.621306231232153
1000,1,68,68,"9,12-18:2",9489.059962965704,22.031598815342676
1000,1,68,68,"12,15-18:2",144.56771163471734,0.33565578011088726
1000,1,68,68,20:0,871.178677207409,2.022693416168048
1000,1,68,68,"9,12,15-18:3",9939.719494856536,23.07793533842075
1000,1,68,68,22:0,559.4819192623656,1.2989991883004113
1000,1,68,68,23:0,25.26129857081888,0.05865141519170337
1000,1,68,68,24:0,754.9884458671119,1.752924168935762
1000,1,68,68,15-24:1,193.19767548294266,0.44856431458007656
1000,1,68,68,di-16:0,121.93432127624114,0.2831058143445054
1000,1,68,68,26:0,57.6877353653371,0.13393877234363474
1000,1,69,69,14:0,45.161977416262275,0.14417976914372257
1000,1,69,69,15:0,55.71666582666789,0.17787564840892578
1000,1,69,69,16:0,5129.319536641949,16.375370366115135
1000,1,69,69,9-16:1,2147.0791321087027,6.854557557288585
1000,1,69,69,"7,10-16:2",209.37521545568868,0.6684310996964486
1000,1,69,69,18:0,699.7294407360399,2.2338886603326684
1000,1,69,69,11-Me-12-18:1,2535.982839774246,8.09613398946148
1000,1,69,69,9-18:1,1754.9821471362418,5.602786576265898
1000,1,69,69,11-18:1,1567.0908028066747,5.002942809465159
1000,1,69,69,"9,12-18:2",7475.994441335862,23.867138117903224
1000,1,69,69,"12,15-18:2",132.7162018836695,0.4236969336583759
1000,1,69,69,20:0,668.7309251075408,2.1349257919462694
1000,1,69,69,"9,12,15-18:3",7398.0922939315815,23.61843524280491
1000,1,69,69,22:0,505.1400033650507,1.6126612083244767
1000,1,69,69,23:0,16.902935019293757,0.053962678526462436
1000,1,69,69,24:0,718.3727027952594,2.2934073389549265
1000,1,69,69,15-24:1,176.00528303111113,0.5618974749844196
1000,1,69,69,di-16:0,39.86250214991383,0.12726117602184897
1000,1,69,69,26:0,47.12526160143296,0.15044756069705484
1000,1,70,70,14:0,53.58458345204623,0.14756953850617133
1000,1,70,70,15:0,79.19263961048145,0.21809297614233894
1000,1,70,70,16:0,5924.853303694975,16.31678015236384
1000,1,70,70,9-16:1,2806.4773464168866,7.728912686414642
1000,1,70,70,"7,10-16:2",273.10865952244393,0.752128994038622
1000,1,70,70,18:0,724.6434586722455,1.9956355706950182
1000,1,70,70,11-Me-12-18:1,2865.6677350229033,7.891920360784412
1000,1,70,70,9-18:1,2150.552015119222,5.922523755151846
1000,1,70,70,11-18:1,2137.705997457077,5.887146398906438
1000,1,70,70,"9,12-18:2",9638.170915610806,26.5430902403698
1000,1,70,70,"12,15-18:2",101.99757340102086,0.2808967405524024
1000,1,70,70,20:0,537.5497011502569,1.4803877573082915
1000,1,70,70,"9,12,15-18:3",7571.940510211533,20.85278441490674
1000,1,70,70,22:0,407.270040393028,1.1216034171838623
1000,1,70,70,23:0,17.315732474321297,0.047686750283664654
1000,1,70,70,24:0,785.5252004788559,2.1633011558888184
1000,1,70,70,15-24:1,132.7074065598621,0.36547024313281035
1000,1,70,70,di-16:0,66.35203105078575,0.18273051632237133
1000,1,70,70,26:0,36.7973791332274,0.1013383310478944
1000,1,71,71,14:0,49.71047282533976,0.11647697855353724
1000,1,71,71,15:0,82.8894219911911,0.19421882108233754
1000,1,71,71,16:0,7081.929206330131,16.593720988767238
1000,1,71,71,9-16:1,2531.3658806413177,5.931262219664866
1000,1,71,71,"7,10-16:2",218.87679423223693,0.5128518442628796
1000,1,71,71,18:0,838.7873083042291,1.9653687798062738
1000,1,71,71,11-Me-12-18:1,2576.9778982730113,6.038136077375634
1000,1,71,71,9-18:1,4502.925676769041,10.550838639656716
1000,1,71,71,11-18:1,2208.5009720508074,5.174755051331981
1000,1,71,71,"9,12-18:2",11626.07374754854,27.24113985624313
1000,1,71,71,"12,15-18:2",121.36815569110226,0.28437862816522647
1000,1,71,71,20:0,522.3817690857226,1.2239966078846223
1000,1,71,71,"9,12,15-18:3",8681.16527745471,20.340902919884737
1000,1,71,71,22:0,441.07122188959664,1.033477260076049
1000,1,71,71,23:0,27.811867826513108,0.06516619432980497
1000,1,71,71,24:0,911.2606122512207,2.1351815172388315
1000,1,71,71,15-24:1,149.57182775136906,0.35046286190882775
1000,1,71,71,di-16:0,68.98502160888205,0.16163931714520238
1000,1,71,71,26:0,36.714251885624556,0.08602543662210335
1000,1,72,72,14:0,64.69152882199172,0.15156441531917875
1000,1,72,72,15:0,39.34148114828104,0.09217232451619972
1000,1,72,72,16:0,6952.482216138418,16.28882361097931
1000,1,72,72,9-16:1,2715.250685394296,6.361503431294476
1000,1,72,72,"7,10-16:2",245.07360251510588,0.5741777625564427
1000,1,72,72,18:0,973.6760777047338,2.2812050992590174
1000,1,72,72,11-Me-12-18:1,3187.842540701283,7.468728898655197
1000,1,72,72,9-18:1,3552.8852966052978,8.323979854577656
1000,1,72,72,11-18:1,2506.9205265331575,5.873411106130472
1000,1,72,72,"9,12-18:2",10766.783503529901,25.225269464120952
1000,1,72,72,"12,15-18:2",139.19947290237678,0.3261275024314234
1000,1,72,72,20:0,705.255673644551,1.6523286089064009
1000,1,72,72,"9,12,15-18:3",9182.335675324453,21.513100142129847
1000,1,72,72,22:0,493.4554934662938,1.156106444153641
1000,1,72,72,23:0,32.24717493967953,0.07555122447139169
1000,1,72,72,24:0,867.7294059521628,2.0329848816880802
1000,1,72,72,15-24:1,159.7069912380576,0.3741741336178265
1000,1,72,72,di-16:0,53.90166348233922,0.12628506790914865
1000,1,72,72,26:0,43.7521670536148,0.1025060272833416
1000,5,103,34,14:0,0.0,0.0
1000,5,103,34,15:0,16.604987720404996,0.2397820877621535
1000,5,103,34,16:0,1046.033286189273,15.105102723018007
1000,5,103,34,9-16:1,554.0296386686178,8.000390345295154
1000,5,103,34,"7,10-16:2",33.04300648857879,0.4771530828675953
1000,5,103,34,18:0,210.21925011989757,3.0356427556764225
1000,5,103,34,11-Me-12-18:1,546.6971311955768,7.8945062591385105
1000,5,103,34,9-18:1,864.9416962254022,12.490074019061478
1000,5,103,34,11-18:1,813.784465662276,11.751344924219541
1000,5,103,34,"9,12-18:2",1381.5996134737,19.950803056783474
1000,5,103,34,"12,15-18:2",117.30338226799834,1.6939036857713856
1000,5,103,34,20:0,128.98464487354465,1.862585384452434
1000,5,103,34,"9,12,15-18:3",1057.5552373246387,15.271483905880102
1000,5,103,34,22:0,37.08526255210371,0.5355247368851502
1000,5,103,34,23:0,0.0,0.0
1000,5,103,34,24:0,94.93375122929928,1.37087804291969
1000,5,103,34,15-24:1,10.638346746284435,0.1536216127415226
1000,5,103,34,di-16:0,11.57888838388235,0.1672033775273723
1000,5,103,34,26:0,0.0,0.0
1000,5,104,35,14:0,23.461655643468394,0.11457533039964343
1000,5,104,35,15:0,33.67980223811977,0.1644757952238343
1000,5,104,35,16:0,2427.9430822398367,11.856894716490416
1000,5,104,35,9-16:1,1350.5419642618288,6.595390970072522
1000,5,104,35,"7,10-16:2",52.08051334252622,0.2543359306897083
1000,5,104,35,18:0,359.7732417058802,1.7569577639282143
1000,5,104,35,11-Me-12-18:1,1079.1500586856046,5.270044723340725
1000,5,104,35,9-18:1,4637.140659858647,22.64554263717688
1000,5,104,35,11-18:1,1720.4109295328124,8.40165134421176
1000,5,104,35,"9,12-18:2",5333.550229082045,26.046468714167432
1000,5,104,35,"12,15-18:2",109.18622682969419,0.5332124980525558
1000,5,104,35,20:0,284.545373502417,1.3895813951990033
1000,5,104,35,"9,12,15-18:3",2595.813878366353,12.676694146800502
1000,5,104,35,22:0,142.33133140750687,0.6950770896160611
1000,5,104,35,23:0,0.022184131021716916,0.00010833652066450847
1000,5,104,35,24:0,229.09005485036892,1.1187645545833755
1000,5,104,35,15-24:1,56.571485824150514,0.27626765894099475
1000,5,104,35,di-16:0,22.64486794049674,0.11058653598732769
1000,5,104,35,26:0,19.119399108636657,0.09336985859838705
1000,5,105,36,14:0,0.0,0.0
1000,5,105,36,15:0,31.390566245370337,0.2397820877621535
1000,5,105,36,16:0,1977.4526616865176,15.105102723018007
1000,5,105,36,9-16:1,1047.3542267757646,8.000390345295154
1000,5,105,36,"7,10-16:2",62.465489381321625,0.4771530828675952
1000,5,105,36,18:0,397.4047682571712,3.0356427556764225
1000,5,105,36,11-Me-12-18:1,1033.4926349786008,7.894506259138509
1000,5,105,36,9-18:1,1635.1116948061351,12.490074019061478
1000,5,105,36,11-18:1,1538.4025335612791,11.751344924219541
1000,5,105,36,"9,12-18:2",2611.817299812279,19.950803056783474
1000,5,105,36,"12,15-18:2",221.7538280600302,1.6939036857713856
1000,5,105,36,20:0,243.83643684138892,1.8625853844524345
1000,5,105,36,"9,12,15-18:3",1999.2341032919314,15.271483905880098
1000,5,105,36,22:0,70.1070913432973,0.5355247368851501
1000,5,105,36,23:0,0.0,0.0
1000,5,105,36,24:0,179.46560738631752,1.37087804291969
1000,5,105,36,15-24:1,20.11104939692883,0.1536216127415226
1000,5,105,36,di-16:0,21.889077485758175,0.16720337752737227
1000,5,105,36,26:0,0.0,0.0
1000,5,106,70,14:0,45.45483360292896,0.16464408658336754
1000,5,106,70,15:0,61.402696085980324,0.22240958792512044
1000,5,106,70,16:0,3491.0130913710555,12.64496239718561
1000,5,106,70,9-16:1,2467.141711437167,8.93634980824403
1000,5,106,70,"7,10-16:2",130.01965564175882,0.470950298223993
1000,5,106,70,18:0,479.99944570177513,1.7386285249320355
1000,5,106,70,11-Me-12-18:1,1495.5636261712534,5.417151216727991
1000,5,106,70,9-18:1,4421.72337656367,16.01613181159547
1000,5,106,70,11-18:1,2634.1802010546717,9.541387762789908
1000,5,106,70,"9,12-18:2",6004.081443070264,21.747665245061043
1000,5,106,70,"12,15-18:2",170.46694710555414,0.6174563313557194
1000,5,106,70,20:0,604.6128449334315,2.1899965680266327
1000,5,106,70,"9,12,15-18:3",4812.369918565668,17.43111098953543
1000,5,106,70,22:0,350.65479716955076,1.2701232016464046
1000,5,106,70,23:0,9.119068424565342,0.033030605817838565
1000,5,106,70,24:0,247.96002907728737,0.8981476613300066
1000,5,106,70,15-24:1,80.78720479018112,0.29262312687128056
1000,5,106,70,di-16:0,88.9252554607936,0.32210034223052486
1000,5,106,70,26:0,12.459581189469864,0.045130433917579864
1000,5,107,71,14:0,39.77923552225139,0.15353812760952235
1000,5,107,71,15:0,44.27667319235159,0.17089713790325853
1000,5,107,71,16:0,3142.3252160288357,12.12860739215003
1000,5,107,71,9-16:1,1878.627538301757,7.25104318671967
1000,5,107,71,"7,10-16:2",76.51507028283473,0.29532947204493054
1000,5,107,71,18:0,510.89722254791604,1.9719384226736607
1000,5,107,71,11-Me-12-18:1,1039.9680882017774,4.014022666344051
1000,5,107,71,9-18:1,4848.845750206587,18.715359603571724
1000,5,107,71,11-18:1,2308.363551685576,8.90971917672014
1000,5,107,71,"9,12-18:2",6867.460947297396,26.5067209421294
1000,5,107,71,"12,15-18:2",133.151059084969,0.513930547752617
1000,5,107,71,20:0,621.6172481766353,2.399290663125911
1000,5,107,71,"9,12,15-18:3",3678.761286909279,14.199119528038626
1000,5,107,71,22:0,308.9967203320289,1.1926518258684176
1000,5,107,71,23:0,8.381919469480131,0.032352160724604666
1000,5,107,71,24:0,275.6374298817146,1.0638931172889525
1000,5,107,71,15-24:1,72.82263282180075,0.2810775658270423
1000,5,107,71,di-16:0,20.748578881194682,0.080084443809764
1000,5,107,71,26:0,31.199907909997613,0.12042401969768769
1000,5,108,72,14:0,35.59125480533256,0.14512726691695083
1000,5,108,72,15:0,43.82018309390934,0.17868162960263503
1000,5,108,72,16:0,2872.2191245543495,11.711790264576907
1000,5,108,72,9-16:1,1990.763766745259,8.11755882520181
1000,5,108,72,"7,10-16:2",102.58842082888567,0.4183156006624267
1000,5,108,72,18:0,350.90712742707643,1.43086251450566
1000,5,108,72,11-Me-12-18:1,1009.6588465974812,4.116995304792098
1000,5,108,72,9-18:1,4405.0184723954335,17.961948661659658
1000,5,108,72,11-18:1,2511.8167540760237,10.242209849275753
1000,5,108,72,"9,12-18:2",6966.204272229364,28.405466240048387
1000,5,108,72,"12,15-18:2",111.79801988364531,0.45586875655784465
1000,5,108,72,20:0,321.3673803979364,1.3104109379820106
1000,5,108,72,"9,12,15-18:3",3363.0495312038447,13.713205382599217
1000,5,108,72,22:0,148.97871929052405,0.607477159141407
1000,5,108,72,23:0,6.431439250141186,0.0262249028819166
1000,5,108,72,24:0,146.0588411820516,0.5955710341134759
1000,5,108,72,15-24:1,38.745293934809986,0.15798820933423238
1000,5,108,72,di-16:0,89.27007493627949,0.3640085763717591
1000,5,108,72,26:0,9.88051355717393,0.04028888377584511
