Week,FattyAcid,Ni,Treat_Plants,Treat_Values,Treat_Mean,Treat_RelativeStandardDeviation,Ctrl_Plants,Ctrl_Values,Ctrl_Mean,Ctrl_RelativeStandardDeviation,Log2FC,p_value
1,14:0,50,"[43,44,45,46,47,48]","[4.1,3.7,4.0,3.8,3.5,3.8]",3.831620394792068,5.764986453546925,"[38,39,40,41,42]","[3.8,4.0,3.7,4.1,4.8]",4.083003977901914,11.136488941528464,-0.09167633524156248,0.30485588220230425
1,15:0,50,"[43,44,45,46,47,48]","[4.2,4.1,4.3,4.1,4.1,4.1]",4.1767806201978885,1.2682813899289762,"[38,39,40,41,42]","[4.6,4.6,4.0,4.3,4.5]",4.392213196155575,5.998334232395906,-0.07255671397690996,0.14196053775040407
1,16:0,50,"[43,44,45,46,47,48]","[8.7,8.5,8.6,8.6,8.5,8.6]",8.574280210030826,1.135228446993787,"[38,39,40,41,42]","[8.6,8.8,8.5,8.6,8.9]",8.686710575669899,1.8057862408265797,-0.01879440490012254,0.20932653812091018
1,9-16:1,50,"[43,44,45,46,47,48]","[7.5,7.4,7.6,7.6,7.5,7.4]",7.47201375776309,1.198133372207308,"[38,39,40,41,42]","[8.0,7.9,7.7,7.5,7.7]",7.743059560555965,2.711979818520043,-0.051406628185071544,0.04155106354692945
1,"7,10-16:2",50,"[43,44,45,46,47,48]","[5.0,5.3,5.5,5.4,5.1,5.2]",5.237779416081396,3.2528874487794237,"[38,39,40,41,42]","[6.1,5.3,5.8,5.1,5.4]",5.519634092804042,7.2142400260441315,-0.07561732784705127,0.19804967145591926
1,18:0,50,"[43,44,45,46,47,48]","[6.6,6.4,6.2,6.6,6.5,6.4]",6.439727914750687,2.104745713161551,"[38,39,40,41,42]","[7.7,7.2,6.9,6.6,7.2]",7.122589580483968,5.573924675685813,-0.14540212712186573,0.015618124376767965
1,11-Me-12-18:1,50,"[43,44,45,46,47,48]","[7.7,7.5,7.6,7.6,7.6,7.3]",7.542080478686309,1.7688551879045908,"[38,39,40,41,42]","[7.8,7.7,7.4,7.4,7.7]",7.601094492866677,2.3764372082775274,-0.011244624297398562,0.5631437891065657
1,9-18:1,50,"[43,44,45,46,47,48]","[6.5,6.1,6.2,6.2,6.1,6.5]",6.2526433882326655,2.9783586661151302,"[38,39,40,41,42]","[5.7,6.4,5.8,6.3,6.5]",6.135783038939006,5.805476000887368,0.027218767171996866,0.5333923438832369
1,11-18:1,50,"[43,44,45,46,47,48]","[7.3,7.1,7.4,7.4,7.3,7.4]",7.29429798702391,1.526699787418245,"[38,39,40,41,42]","[7.6,7.5,7.6,7.5,7.6]",7.557020202698274,0.9842741526116351,-0.05104834172623527,0.001299946062379835
1,"9,12-18:2",50,"[43,44,45,46,47,48]","[9.0,8.8,8.9,9.0,8.8,9.0]",8.913019980489784,1.0332609648671947,"[38,39,40,41,42]","[8.7,8.9,8.5,8.8,9.0]",8.789296408593192,2.5036677546596415,0.02016665911342851,0.29151885014120343
1,"12,15-18:2",50,"[43,44,45,46,47,48]","[4.0,4.5,4.3,4.6,4.3,4.3]",4.3363907685335406,4.614678540045943,"[38,39,40,41,42]","[5.4,3.9,4.6,4.4,4.6]",4.571405925991389,11.801914877973003,-0.07614316201826878,0.3992207199767841
1,20:0,50,"[43,44,45,46,47,48]","[6.1,6.0,6.0,6.1,5.7,5.8]",5.953841989658218,2.815321975717545,"[38,39,40,41,42]","[6.8,6.0,6.1,6.2,6.4]",6.3020602577309806,5.263255990894437,-0.08200261480499955,0.07964356121556383
1,"9,12,15-18:3",50,"[43,44,45,46,47,48]","[9.1,8.9,9.0,9.0,8.9,9.2]",9.028437320303167,1.1436761869313512,"[38,39,40,41,42]","[9.2,9.2,9.1,9.0,9.4]",9.160335592242792,1.6216097830686111,-0.02092415132909081,0.13776174024604462
1,22:0,50,"[43,44,45,46,47,48]","[6.0,5.8,6.1,5.8,6.2,5.7]",5.944471080191271,3.5152794218573815,"[38,39,40,41,42]","[6.5,5.2,5.7,6.2,6.3]",5.984668219470848,9.004067228088102,-0.009722819313983683,0.8812048848346588
1,23:0,50,"[43,44,45,46,47,48]","[3.3,2.9,2.7,2.8,2.6,2.1]",2.7201114782632216,14.42133695328022,"[38,39,40,41,42]","[2.6,2.6,2.4,3.1,3.3]",2.795830408067882,14.35813629189482,-0.03961107248342515,0.7604915076854987
1,24:0,50,"[43,44,45,46,47,48]","[6.4,6.1,6.1,6.5,6.5,6.3]",6.325378417981947,3.1987828818837327,"[38,39,40,41,42]","[6.8,6.0,6.1,6.7,6.8]",6.503047977015346,6.242390032796028,-0.03996427534736376,0.4094677252269206
1,15-24:1,50,"[43,44,45,46,47,48]","[4.6,4.5,4.5,4.9,4.4,4.6]",4.589902033522427,3.843799208236624,"[38,39,40,41,42]","[4.6,4.4,4.5,4.8,5.3]",4.716000426812574,7.249854228368621,-0.03910048767825029,0.4850210124824524
1,di-16:0,50,"[43,44,45,46,47,48]","[4.4,4.4,4.6,4.6,4.2,4.2]",4.400399810534919,4.167737926709057,"[38,39,40,41,42]","[4.3,3.9,4.2,3.3,4.5]",4.031316888144979,10.745382565534564,0.12638341675673198,0.133538656315974
1,26:0,50,"[43,44,45,46,47,48]","[3.3,2.9,2.5,3.2,3.2,2.3]",2.899133782072344,14.171592552257058,"[38,39,40,41,42]","[3.2,3.3,2.5,3.3,3.9]",3.223568479434578,15.481072977259883,-0.15303672264009827,0.2795056066973895
5,14:0,50,"[79,80,81,82,83,84]","[3.8,3.5,3.6,4.3,4.6,4.0]",3.9790556164287136,10.467980194352064,"[73,74,75,55,56,57]","[4.1,4.0,3.7,4.1,3.8,4.1]",3.9630786598065626,4.585757495874019,0.005804461717351,0.9338414311233418
5,15:0,50,"[79,80,81,82,83,84]","[3.5,4.1,2.3,4.3,3.9,4.0]",3.6895085296079597,19.72485220735564,"[73,74,75,55,56,57]","[4.4,4.2,4.1,4.1,4.3,4.0]",4.187312182172772,3.8404075522233487,-0.1825958300095402,0.157547702942465
5,16:0,50,"[79,80,81,82,83,84]","[8.0,8.1,8.2,8.6,8.5,8.4]",8.286013187231735,2.7536817878889277,"[73,74,75,55,56,57]","[8.6,8.5,8.0,8.4,8.4,8.3]",8.382210195764973,2.3662906308797584,-0.0166525831634905,0.45414034717842455
5,9-16:1,50,"[79,80,81,82,83,84]","[6.9,7.2,7.3,7.7,7.4,7.5]",7.33340358170437,3.7873581060518484,"[73,74,75,55,56,57]","[7.6,7.5,7.2,7.5,7.5,7.2]",7.442446035310941,2.207231664759016,-0.02129391772172494,0.4314823627485488
5,"7,10-16:2",50,"[79,80,81,82,83,84]","[4.9,5.0,4.9,5.6,4.9,5.1]",5.075760439577515,5.534886260877612,"[73,74,75,55,56,57]","[5.4,5.7,5.4,5.8,5.3,5.2]",5.463187640043764,4.425718150950567,-0.10611899508371495,0.02881553498939186
5,18:0,50,"[79,80,81,82,83,84]","[6.1,6.3,6.5,6.7,6.2,6.5]",6.395990520696127,3.513549634112436,"[73,74,75,55,56,57]","[6.8,6.9,6.3,7.1,6.8,6.6]",6.749207925725223,3.8821809684040134,-0.07755039949168935,0.03159838849088215
5,11-Me-12-18:1,50,"[79,80,81,82,83,84]","[6.9,7.0,7.2,7.6,7.4,7.5]",7.26199894992522,3.5624523315631733,"[73,74,75,55,56,57]","[7.5,7.3,7.0,7.4,7.5,7.2]",7.319391135660645,2.506478136398732,-0.011356921231878243,0.6680241649054203
5,9-18:1,50,"[79,80,81,82,83,84]","[5.5,5.4,6.0,6.5,6.7,6.5]",6.094686623070139,9.100645980384302,"[73,74,75,55,56,57]","[6.3,5.5,5.1,6.0,6.3,5.8]",5.853733917603289,8.152539878199745,0.05819487287322099,0.4390523678163155
5,11-18:1,50,"[79,80,81,82,83,84]","[6.9,7.0,6.8,7.7,7.4,7.2]",7.173276423328616,4.589379588577686,"[73,74,75,55,56,57]","[7.6,7.4,7.0,7.4,7.1,7.2]",7.292828242153667,3.06437987458148,-0.023846190376117647,0.4809013585993313
5,"9,12-18:2",50,"[79,80,81,82,83,84]","[8.4,8.5,8.7,8.9,8.8,8.8]",8.678561730735304,2.178645677292023,"[73,74,75,55,56,57]","[8.8,8.6,8.2,8.6,8.8,8.5]",8.588919250874605,2.2978320460401935,0.014979361855886891,0.44045806363286044
5,"12,15-18:2",50,"[79,80,81,82,83,84]","[4.9,4.7,4.2,4.5,4.5,4.5]",4.577366072291546,5.05567330960643,"[73,74,75,55,56,57]","[4.9,4.2,4.6,4.8,4.3,4.4]",4.519484368607004,6.3232984075198075,0.018359491421565684,0.7082415900819937
5,20:0,50,"[79,80,81,82,83,84]","[5.9,5.7,5.7,6.3,6.1,6.1]",5.964769777212591,3.610469307335953,"[73,74,75,55,56,57]","[6.5,6.0,6.0,6.3,5.9,6.0]",6.087867988005456,3.8974038787715237,-0.029470619992664236,0.3690755316201681
5,"9,12,15-18:3",50,"[79,80,81,82,83,84]","[8.5,8.6,8.7,9.0,8.9,8.9]",8.761119745183699,2.284216429085797,"[73,74,75,55,56,57]","[9.2,9.0,8.5,9.1,9.0,8.9]",8.946467108726237,2.7454261477255106,-0.030202815387163788,0.18358639518675662
5,22:0,50,"[79,80,81,82,83,84]","[5.5,5.4,5.2,5.8,5.9,5.7]",5.579415124624894,4.910919716993153,"[73,74,75,55,56,57]","[6.2,5.5,5.4,5.4,5.5,5.7]",5.6287695157380995,5.282648375311055,-0.012705678539300278,0.7711109463018258
5,23:0,50,"[79,80,81,82,83,84]","[2.5,2.5,3.0,2.3,0.0,3.0]",2.22565400487974,50.65449572845752,"[73,74,75,55,56,57]","[2.5,2.5,2.7,2.6,2.7,2.5]",2.5904828533827664,3.451200914837039,-0.21899170228925635,0.4648052529087193
5,24:0,50,"[79,80,81,82,83,84]","[4.9,5.6,5.6,6.0,5.8,5.8]",5.622735237623132,6.394356334853859,"[73,74,75,55,56,57]","[5.9,5.9,5.5,5.8,5.6,5.7]",5.747297120175056,2.795404101126554,-0.03161151954251482,0.464108858692644
5,15-24:1,50,"[79,80,81,82,83,84]","[3.9,3.9,4.1,4.5,4.7,4.3]",4.236403962126361,7.936000221552933,"[73,74,75,55,56,57]","[4.6,4.4,3.8,4.6,4.2,4.5]",4.3474371124996125,6.71698464738037,-0.03732499447809645,0.5552551404884979
5,di-16:0,50,"[79,80,81,82,83,84]","[4.0,3.2,3.4,4.1,4.2,4.1]",3.8419606646871407,11.340667191591324,"[73,74,75,55,56,57]","[4.0,3.2,3.1,3.2,4.0,3.0]",3.4163522150974686,12.946175354604945,0.16938602835435526,0.12404660815867145
5,26:0,50,"[79,80,81,82,83,84]","[2.1,2.4,2.5,3.0,3.1,2.3]",2.5624900772747354,14.546865909436066,"[73,74,75,55,56,57]","[2.5,2.6,2.1,2.9,2.4,2.6]",2.5180756058325633,11.173920754577813,0.025224817106969923,0.8208498388303475
1,14:0,250,"[49,50,51,52,53,54]","[3.9,3.0,3.8,4.0,4.1,4.2]",3.8298930099122224,10.630454010439841,"[38,39,40,41,42]","[3.8,4.0,3.7,4.1,4.8]",4.083003977901914,11.136488941528464,-0.09232688285805736,0.3627309572997491
1,15:0,250,"[49,50,51,52,53,54]","[4.3,3.5,4.3,4.2,4.4,4.2]",4.145253199469031,8.023190780993822,"[38,39,40,41,42]","[4.6,4.6,4.0,4.3,4.5]",4.392213196155575,5.998334232395906,-0.0834878570425175,0.20279113433774462
1,16:0,250,"[49,50,51,52,53,54]","[8.6,7.8,8.7,8.7,8.8,8.8]",8.55240262609257,4.6097641275821974,"[38,39,40,41,42]","[8.6,8.8,8.5,8.6,8.9]",8.686710575669899,1.8057862408265797,-0.022480197335679505,0.47009482823373816
1,9-16:1,250,"[49,50,51,52,53,54]","[7.6,6.8,7.8,7.4,7.7,7.7]",7.488505934706573,5.023562991088397,"[38,39,40,41,42]","[8.0,7.9,7.7,7.5,7.7]",7.743059560555965,2.711979818520043,-0.04822583072387585,0.19490320493507884
1,"7,10-16:2",250,"[49,50,51,52,53,54]","[5.1,4.6,5.2,5.4,5.5,5.5]",5.213896699782215,6.491915304091559,"[38,39,40,41,42]","[6.1,5.3,5.8,5.1,5.4]",5.519634092804042,7.2142400260441315,-0.08221063134321893,0.2121972218766426
1,18:0,250,"[49,50,51,52,53,54]","[6.3,6.0,6.3,6.5,6.7,6.5]",6.379799571827081,3.6607886403184873,"[38,39,40,41,42]","[7.7,7.2,6.9,6.6,7.2]",7.122589580483968,5.573924675685813,-0.15889076046631492,0.009606500585480673
1,11-Me-12-18:1,250,"[49,50,51,52,53,54]","[7.4,6.8,7.6,7.6,7.7,7.5]",7.444271733422714,4.328269745765201,"[38,39,40,41,42]","[7.8,7.7,7.4,7.4,7.7]",7.601094492866677,2.3764372082775274,-0.030076451192300218,0.3392232904448042
1,9-18:1,250,"[49,50,51,52,53,54]","[6.7,6.4,7.5,6.5,6.6,6.7]",6.73866199471464,5.880488216675437,"[38,39,40,41,42]","[5.7,6.4,5.8,6.3,6.5]",6.135783038939006,5.805476000887368,0.1352146932338074,0.026447554658981225
1,11-18:1,250,"[49,50,51,52,53,54]","[7.3,6.7,7.4,7.2,7.4,7.7]",7.279756905525759,4.528450630688961,"[38,39,40,41,42]","[7.6,7.5,7.6,7.5,7.6]",7.557020202698274,0.9842741526116351,-0.053927204648378954,0.09579905061930048
1,"9,12-18:2",250,"[49,50,51,52,53,54]","[9.1,8.3,9.2,9.1,9.2,9.4]",9.047173907996624,4.130346511103824,"[38,39,40,41,42]","[8.7,8.9,8.5,8.8,9.0]",8.789296408593192,2.5036677546596415,0.04171952282367779,0.1921681619992162
1,"12,15-18:2",250,"[49,50,51,52,53,54]","[4.4,3.9,4.0,4.8,5.1,4.9]",4.524768074365704,10.833750477685639,"[38,39,40,41,42]","[5.4,3.9,4.6,4.4,4.6]",4.571405925991389,11.801914877973003,-0.014794085261884388,0.8852939924489555
1,20:0,250,"[49,50,51,52,53,54]","[5.6,5.4,5.6,6.0,6.5,6.2]",5.902387766160746,7.029501772329613,"[38,39,40,41,42]","[6.8,6.0,6.1,6.2,6.4]",6.3020602577309806,5.263255990894437,-0.09452484499902716,0.10963826516179873
1,"9,12,15-18:3",250,"[49,50,51,52,53,54]","[8.9,8.3,9.0,9.1,9.3,9.2]",8.970875467607234,3.8315123671686853,"[38,39,40,41,42]","[9.2,9.2,9.1,9.0,9.4]",9.160335592242792,1.6216097830686111,-0.03015166834742253,0.26158424255604923
1,22:0,250,"[49,50,51,52,53,54]","[5.7,4.7,5.4,5.7,6.1,5.9]",5.5910799544878484,8.555543838009326,"[38,39,40,41,42]","[6.5,5.2,5.7,6.2,6.3]",5.984668219470848,9.004067228088102,-0.09814429247586028,0.23946101882893936
1,23:0,250,"[49,50,51,52,53,54]","[2.5,2.5,2.8,2.9,3.3,2.9]",2.807937388761791,10.863695858712767,"[38,39,40,41,42]","[2.6,2.6,2.4,3.1,3.3]",2.795830408067882,14.35813629189482,0.006233915757230145,0.9572759802753105
1,24:0,250,"[49,50,51,52,53,54]","[6.3,5.5,6.1,6.2,6.5,6.4]",6.15579234442,5.914811567356492,"[38,39,40,41,42]","[6.8,6.0,6.1,6.7,6.8]",6.503047977015346,6.242390032796028,-0.07917150194198931,0.1761995870981544
1,15-24:1,250,"[49,50,51,52,53,54]","[4.6,4.1,4.6,4.3,4.7,4.8]",4.515056400072773,5.913936205523285,"[38,39,40,41,42]","[4.6,4.4,4.5,4.8,5.3]",4.716000426812574,7.249854228368621,-0.06281983956370842,0.31763225026478265
1,di-16:0,250,"[49,50,51,52,53,54]","[4.7,3.4,3.8,3.9,4.9,3.3]",3.9903088254208257,16.246287133585007,"[38,39,40,41,42]","[4.3,3.9,4.2,3.3,4.5]",4.031316888144979,10.745382565534564,-0.014750786496294962,0.9033470021556801
1,26:0,250,"[49,50,51,52,53,54]","[2.4,3.0,3.7,3.1,3.5,3.8]",3.2521506325306464,15.455947183004575,"[38,39,40,41,42]","[3.2,3.3,2.5,3.3,3.9]",3.223568479434578,15.481072977259883,0.01273544994460284,0.9270346416992495
5,14:0,250,"[88,89,90,85,86,87]","[3.3,3.6,3.4,3.6,3.8,3.7]",3.57552589071085,5.792235662929084,"[73,74,75,55,56,57]","[4.1,4.0,3.7,4.1,3.8,4.1]",3.9630786598065626,4.585757495874019,-0.1484661523901603,0.006430202256935142
5,15:0,250,"[88,89,90,85,86,87]","[3.6,4.0,3.6,3.7,3.6,2.6]",3.5159902166510744,13.223982382523634,"[73,74,75,55,56,57]","[4.4,4.2,4.1,4.1,4.3,4.0]",4.187312182172772,3.8404075522233487,-0.25209342507761523,0.014893544061671007
5,16:0,250,"[88,89,90,85,86,87]","[8.0,8.2,8.2,7.9,8.2,8.2]",8.117052751371107,1.5209210825511537,"[73,74,75,55,56,57]","[8.6,8.5,8.0,8.4,8.4,8.3]",8.382210195764973,2.3662906308797584,-0.04637471016055109,0.022911743601324818
5,9-16:1,250,"[88,89,90,85,86,87]","[7.1,7.4,7.4,7.1,7.5,7.8]",7.3615122456273765,3.556663174996438,"[73,74,75,55,56,57]","[7.6,7.5,7.2,7.5,7.5,7.2]",7.442446035310941,2.207231664759016,-0.015774691891145234,0.5383593807790773
5,"7,10-16:2",250,"[88,89,90,85,86,87]","[4.4,4.6,4.8,4.4,4.6,5.1]",4.645047744141269,5.872927898172733,"[73,74,75,55,56,57]","[5.4,5.7,5.4,5.8,5.3,5.2]",5.463187640043764,4.425718150950567,-0.23404954963002547,0.000276391593952111
5,18:0,250,"[88,89,90,85,86,87]","[6.2,6.4,6.3,6.1,6.3,6.5]",6.291311216363386,2.3774630782557296,"[73,74,75,55,56,57]","[6.8,6.9,6.3,7.1,6.8,6.6]",6.749207925725223,3.8821809684040134,-0.10135746948675971,0.005963015069750027
5,11-Me-12-18:1,250,"[88,89,90,85,86,87]","[6.9,7.1,7.0,7.1,7.5,7.5]",7.194726876957351,3.3009443945596693,"[73,74,75,55,56,57]","[7.5,7.3,7.0,7.4,7.5,7.2]",7.319391135660645,2.506478136398732,-0.024783721704958784,0.3343707288109123
5,9-18:1,250,"[88,89,90,85,86,87]","[6.7,6.7,6.5,6.7,7.0,6.5]",6.7178815451536025,2.5190866082915426,"[73,74,75,55,56,57]","[6.3,5.5,5.1,6.0,6.3,5.8]",5.853733917603289,8.152539878199745,0.1986491877829529,0.005334163735654368
5,11-18:1,250,"[88,89,90,85,86,87]","[7.2,7.4,7.4,7.1,7.3,7.3]",7.294952894551021,1.861994878539498,"[73,74,75,55,56,57]","[7.6,7.4,7.0,7.4,7.1,7.2]",7.292828242153667,3.06437987458148,0.0004202456110665697,0.9845959066539384
5,"9,12-18:2",250,"[88,89,90,85,86,87]","[8.7,8.7,8.4,8.5,8.8,8.8]",8.654444524912272,1.8508225112254597,"[73,74,75,55,56,57]","[8.8,8.6,8.2,8.6,8.8,8.5]",8.588919250874605,2.2978320460401935,0.010964617364197585,0.5424943840721204
5,"12,15-18:2",250,"[88,89,90,85,86,87]","[4.5,4.5,4.4,4.7,5.1,5.0]",4.716748407271193,6.546981149185051,"[73,74,75,55,56,57]","[4.9,4.2,4.6,4.8,4.3,4.4]",4.519484368607004,6.3232984075198075,0.061634465287728826,0.2776813775287043
5,20:0,250,"[88,89,90,85,86,87]","[5.7,5.8,5.8,5.3,5.8,5.5]",5.6534627316422394,3.703462602193329,"[73,74,75,55,56,57]","[6.5,6.0,6.0,6.3,5.9,6.0]",6.087867988005456,3.8974038787715237,-0.1068022898273951,0.007364826008604032
5,"9,12,15-18:3",250,"[88,89,90,85,86,87]","[8.5,8.7,8.7,8.3,8.5,8.5]",8.520640360574365,1.6848068864140693,"[73,74,75,55,56,57]","[9.2,9.0,8.5,9.1,9.0,8.9]",8.946467108726237,2.7454261477255106,-0.0703562267317503,0.006262659043638721
5,22:0,250,"[88,89,90,85,86,87]","[5.1,5.3,5.0,4.6,5.6,5.0]",5.08883561341018,7.064561203080243,"[73,74,75,55,56,57]","[6.2,5.5,5.4,5.4,5.5,5.7]",5.6287695157380995,5.282648375311055,-0.14548398646114227,0.018287146729519924
5,23:0,250,"[88,89,90,85,86,87]","[2.5,2.1,2.7,2.3,2.7,3.0]",2.5602256960361447,12.204209138024883,"[73,74,75,55,56,57]","[2.5,2.5,2.7,2.6,2.7,2.5]",2.5904828533827664,3.451200914837039,-0.016950038062734502,0.8274169420786575
5,24:0,250,"[88,89,90,85,86,87]","[5.3,5.4,5.3,5.3,5.8,5.7]",5.4503990475053605,3.844085898622733,"[73,74,75,55,56,57]","[5.9,5.9,5.5,5.8,5.6,5.7]",5.747297120175056,2.795404101126554,-0.07652177489020766,0.021520945320696466
5,15-24:1,250,"[88,89,90,85,86,87]","[4.0,4.1,4.0,4.0,4.3,3.8]",4.034610877889766,3.9355958329506344,"[73,74,75,55,56,57]","[4.6,4.4,3.8,4.6,4.2,4.5]",4.3474371124996125,6.71698464738037,-0.10773562045820727,0.051199524258195635
5,di-16:0,250,"[88,89,90,85,86,87]","[3.6,3.6,3.0,2.8,3.2,4.0]",3.354405239271946,13.19634687872551,"[73,74,75,55,56,57]","[4.0,3.2,3.1,3.2,4.0,3.0]",3.4163522150974686,12.946175354604945,-0.026399731261916387,0.813301416907701
5,26:0,250,"[88,89,90,85,86,87]","[3.2,3.0,2.4,2.6,3.2,2.8]",2.8618539609809712,11.490248077157835,"[73,74,75,55,56,57]","[2.5,2.6,2.1,2.9,2.4,2.6]",2.5180756058325633,11.173920754577813,0.18462845293821456,0.08100639193265934
1,14:0,500,"[55,56,57,58,59,60]","[3.8,3.9,3.6,3.9,3.6,4.0]",3.802009916465936,4.33554372442815,"[38,39,40,41,42]","[3.8,4.0,3.7,4.1,4.8]",4.083003977901914,11.136488941528464,-0.10286867826912238,0.24791687824542363
1,15:0,500,"[55,56,57,58,59,60]","[4.4,4.2,4.2,4.1,4.0,3.8]",4.124313733879409,5.064867101542004,"[38,39,40,41,42]","[4.6,4.6,4.0,4.3,4.5]",4.392213196155575,5.998334232395906,-0.09079400208538792,0.10461365168575129
1,16:0,500,"[55,56,57,58,59,60]","[8.7,8.7,8.8,8.6,8.6,8.6]",8.64986927596798,0.8358045931077998,"[38,39,40,41,42]","[8.6,8.8,8.5,8.6,8.9]",8.686710575669899,1.8057862408265797,-0.006131640824491994,0.6473148414790376
1,9-16:1,500,"[55,56,57,58,59,60]","[7.6,7.5,7.6,7.7,7.7,7.7]",7.639656520222548,1.1426254137351233,"[38,39,40,41,42]","[8.0,7.9,7.7,7.5,7.7]",7.743059560555965,2.711979818520043,-0.019395963586283274,0.34917167734969506
1,"7,10-16:2",500,"[55,56,57,58,59,60]","[5.4,5.7,5.5,5.2,5.3,5.5]",5.434540787725022,3.0000190611818804,"[38,39,40,41,42]","[6.1,5.3,5.8,5.1,5.4]",5.519634092804042,7.2142400260441315,-0.022414496758417925,0.672764100889138
1,18:0,500,"[55,56,57,58,59,60]","[6.2,6.5,6.4,6.2,6.3,6.7]",6.368821390456581,2.9224092057032904,"[38,39,40,41,42]","[7.7,7.2,6.9,6.6,7.2]",7.122589580483968,5.573924675685813,-0.16137544830556186,0.009599113984986255
1,11-Me-12-18:1,500,"[55,56,57,58,59,60]","[7.4,7.6,7.4,7.9,7.6,7.6]",7.595357333751868,2.305656760134828,"[38,39,40,41,42]","[7.8,7.7,7.4,7.4,7.7]",7.601094492866677,2.3764372082775274,-0.0010893294686684864,0.9588102970955781
1,9-18:1,500,"[55,56,57,58,59,60]","[7.1,6.6,6.5,7.2,7.2,7.2]",6.98662437771361,4.78938676026352,"[38,39,40,41,42]","[5.7,6.4,5.8,6.3,6.5]",6.135783038939006,5.805476000887368,0.1873481085592808,0.0033003482702266902
1,11-18:1,500,"[55,56,57,58,59,60]","[7.6,7.4,7.4,7.6,7.6,7.6]",7.5058989220483125,1.3992627748808097,"[38,39,40,41,42]","[7.6,7.5,7.6,7.5,7.6]",7.557020202698274,0.9842741526116351,-0.009792617305336504,0.3712357129250888
1,"9,12-18:2",500,"[55,56,57,58,59,60]","[9.2,9.2,9.2,8.9,9.0,9.0]",9.064724664766826,1.4888723929902155,"[38,39,40,41,42]","[8.7,8.9,8.5,8.8,9.0]",8.789296408593192,2.5036677546596415,0.044515518790610574,0.04783211574092528
1,"12,15-18:2",500,"[55,56,57,58,59,60]","[3.8,4.6,4.3,3.8,4.1,4.4]",4.158833016992699,7.794544624248282,"[38,39,40,41,42]","[5.4,3.9,4.6,4.4,4.6]",4.571405925991389,11.801914877973003,-0.13645917135373728,0.18206808922596301
1,20:0,500,"[55,56,57,58,59,60]","[5.8,6.2,6.0,5.7,5.9,6.3]",5.977935339980488,3.898212764981334,"[38,39,40,41,42]","[6.8,6.0,6.1,6.2,6.4]",6.3020602577309806,5.263255990894437,-0.0761762566169702,0.10835394448848949
1,"9,12,15-18:3",500,"[55,56,57,58,59,60]","[9.1,9.1,9.2,9.0,8.8,9.0]",9.037989624638067,1.4094213356508034,"[38,39,40,41,42]","[9.2,9.2,9.1,9.0,9.4]",9.160335592242792,1.6216097830686111,-0.019398552114678176,0.1850487716200779
1,22:0,500,"[55,56,57,58,59,60]","[5.6,5.8,5.5,5.9,6.0,5.7]",5.745316722327043,3.528909813939892,"[38,39,40,41,42]","[6.5,5.2,5.7,6.2,6.3]",5.984668219470848,9.004067228088102,-0.05888484208073091,0.3911366726416509
1,23:0,500,"[55,56,57,58,59,60]","[2.7,3.3,3.4,2.5,2.6,3.1]",2.9344291260521396,12.921112975047244,"[38,39,40,41,42]","[2.6,2.6,2.4,3.1,3.3]",2.795830408067882,14.35813629189482,0.06980301266430701,0.5740621583872616
1,24:0,500,"[55,56,57,58,59,60]","[6.2,6.2,6.0,6.6,6.2,6.2]",6.26212561578448,3.0239582968835523,"[38,39,40,41,42]","[6.8,6.0,6.1,6.7,6.8]",6.503047977015346,6.242390032796028,-0.054463618809204806,0.272365159546285
1,15-24:1,500,"[55,56,57,58,59,60]","[4.5,4.6,4.5,4.5,4.9,4.8]",4.619947737301376,3.318594814816321,"[38,39,40,41,42]","[4.6,4.4,4.5,4.8,5.3]",4.716000426812574,7.249854228368621,-0.02968731749634117,0.5847027578976977
1,di-16:0,500,"[55,56,57,58,59,60]","[3.4,4.2,3.5,3.5,3.0,3.8]",3.573052728986088,10.818707061582385,"[38,39,40,41,42]","[4.3,3.9,4.2,3.3,4.5]",4.031316888144979,10.745382565534564,-0.17409398849424182,0.1031457485204214
1,26:0,500,"[55,56,57,58,59,60]","[2.8,3.2,2.6,3.3,3.7,3.3]",3.1451442415213933,12.620561327443767,"[38,39,40,41,42]","[3.2,3.3,2.5,3.3,3.9]",3.223568479434578,15.481072977259883,-0.03553244850185752,0.7837059669847845
5,14:0,500,"[91,92,93,94,95,96]","[3.2,3.5,3.4,3.7,3.8,4.1]",3.626362473083398,8.955521876761905,"[73,74,75,55,56,57]","[4.1,4.0,3.7,4.1,3.8,4.1]",3.9630786598065626,4.585757495874019,-0.12809846554616836,0.05813581862383752
5,15:0,500,"[91,92,93,94,95,96]","[3.9,3.7,4.0,3.8,4.0,2.2]",3.6095876630434147,19.21246003615907,"[73,74,75,55,56,57]","[4.4,4.2,4.1,4.1,4.3,4.0]",4.187312182172772,3.8404075522233487,-0.21419043925046524,0.09799646594950438
5,16:0,500,"[91,92,93,94,95,96]","[7.9,8.2,8.2,8.2,8.3,8.4]",8.219611006725346,2.085417292947417,"[73,74,75,55,56,57]","[8.6,8.5,8.0,8.4,8.4,8.3]",8.382210195764973,2.3662906308797584,-0.02826057959144854,0.1602906123349428
5,9-16:1,500,"[91,92,93,94,95,96]","[7.5,7.5,7.5,7.6,7.6,7.8]",7.572593679740521,1.5262549044758635,"[73,74,75,55,56,57]","[7.6,7.5,7.2,7.5,7.5,7.2]",7.442446035310941,2.207231664759016,0.025010664942027576,0.14702478101651603
5,"7,10-16:2",500,"[91,92,93,94,95,96]","[4.5,4.3,4.4,4.5,4.9,4.7]",4.548615635652802,5.3714644656843795,"[73,74,75,55,56,57]","[5.4,5.7,5.4,5.8,5.3,5.2]",5.463187640043764,4.425718150950567,-0.2643154450180752,0.00006749610868316653
5,18:0,500,"[91,92,93,94,95,96]","[5.7,6.0,6.1,5.9,6.5,6.2]",6.073056563443643,4.305282779573706,"[73,74,75,55,56,57]","[6.8,6.9,6.3,7.1,6.8,6.6]",6.749207925725223,3.8821809684040134,-0.15229539386350205,0.0011892927701317823
5,11-Me-12-18:1,500,"[91,92,93,94,95,96]","[7.1,7.3,7.3,7.0,7.7,7.4]",7.313157836050414,3.106026709222457,"[73,74,75,55,56,57]","[7.5,7.3,7.0,7.4,7.5,7.2]",7.319391135660645,2.506478136398732,-0.0012291434660360104,0.9593705616065967
5,9-18:1,500,"[91,92,93,94,95,96]","[7.4,7.5,7.5,7.8,7.2,8.0]",7.586045742901869,3.827793209828064,"[73,74,75,55,56,57]","[6.3,5.5,5.1,6.0,6.3,5.8]",5.853733917603289,8.152539878199745,0.37399090162119764,0.0000534791249385988
5,11-18:1,500,"[91,92,93,94,95,96]","[7.6,7.4,7.4,7.6,7.5,8.0]",7.5699831088759035,2.8812749884545314,"[73,74,75,55,56,57]","[7.6,7.4,7.0,7.4,7.1,7.2]",7.292828242153667,3.06437987458148,0.05381166439007645,0.0548137839811979
5,"9,12-18:2",500,"[91,92,93,94,95,96]","[8.7,9.1,9.0,9.0,9.1,9.3]",9.03631157543087,1.9754842582466454,"[73,74,75,55,56,57]","[8.8,8.6,8.2,8.6,8.8,8.5]",8.588919250874605,2.2978320460401935,0.07325740870031203,0.0021276754512604946
5,"12,15-18:2",500,"[91,92,93,94,95,96]","[4.6,4.2,4.2,5.0,4.7,4.6]",4.540438032347994,7.141932105682547,"[73,74,75,55,56,57]","[4.9,4.2,4.6,4.8,4.3,4.4]",4.519484368607004,6.3232984075198075,0.006673302337337025,0.9078647961367206
5,20:0,500,"[91,92,93,94,95,96]","[5.0,5.3,5.4,6.2,6.2,6.0]",5.692447004739812,8.845361814498377,"[73,74,75,55,56,57]","[6.5,6.0,6.0,6.3,5.9,6.0]",6.087867988005456,3.8974038787715237,-0.0968881198559717,0.12469038510940006
5,"9,12,15-18:3",500,"[91,92,93,94,95,96]","[8.1,8.2,8.2,8.1,8.5,8.6]",8.29403083906435,2.4469434875396967,"[73,74,75,55,56,57]","[9.2,9.0,8.5,9.1,9.0,8.9]",8.946467108726237,2.7454261477255106,-0.10924467410572133,0.0005838463426533448
5,22:0,500,"[91,92,93,94,95,96]","[4.3,4.8,4.7,5.7,5.4,5.5]",5.068317619828424,10.464326444444366,"[73,74,75,55,56,57]","[6.2,5.5,5.4,5.4,5.5,5.7]",5.6287695157380995,5.282648375311055,-0.15131263690551014,0.05447608022792775
5,23:0,500,"[91,92,93,94,95,96]","[2.6,2.3,2.7,2.8,2.6,2.4]",2.575055713551271,7.485079487377515,"[73,74,75,55,56,57]","[2.5,2.5,2.7,2.6,2.7,2.5]",2.5904828533827664,3.451200914837039,-0.00861738771846258,0.8638358320928171
5,24:0,500,"[91,92,93,94,95,96]","[5.1,5.6,5.5,5.5,5.8,5.8]",5.563459116204625,4.738740613149918,"[73,74,75,55,56,57]","[5.9,5.9,5.5,5.8,5.6,5.7]",5.747297120175056,2.795404101126554,-0.0469014678771253,0.181619924618971
5,15-24:1,500,"[91,92,93,94,95,96]","[3.6,3.7,3.8,4.1,4.4,4.4]",3.9955459344232183,8.76752835476853,"[73,74,75,55,56,57]","[4.6,4.4,3.8,4.6,4.2,4.5]",4.3474371124996125,6.71698464738037,-0.12177251815091562,0.0890173917724717
5,di-16:0,500,"[91,92,93,94,95,96]","[3.1,3.4,3.1,3.6,4.2,3.5]",3.478053567071236,11.152776934030392,"[73,74,75,55,56,57]","[4.0,3.2,3.1,3.2,4.0,3.0]",3.4163522150974686,12.946175354604945,0.025823432495086143,0.80254462498497
5,26:0,500,"[91,92,93,94,95,96]","[2.0,3.2,3.2,2.6,2.8,3.6]",2.8964058219812525,18.765458393991008,"[73,74,75,55,56,57]","[2.5,2.6,2.1,2.9,2.4,2.6]",2.5180756058325633,11.173920754577813,0.2019421548772327,0.1709292805603456
1,14:0,750,"[61,62,63,64,65,66]","[3.9,4.0,4.0,4.2,4.1,4.3]",4.084079746499536,3.7132612394527857,"[38,39,40,41,42]","[3.8,4.0,3.7,4.1,4.8]",4.083003977901914,11.136488941528464,0.0003800637001607541,0.9961679104218539
1,15:0,750,"[61,62,63,64,65,66]","[4.4,4.4,4.4,4.2,4.7,4.5]",4.439986079720826,3.315964313888211,"[38,39,40,41,42]","[4.6,4.6,4.0,4.3,4.5]",4.392213196155575,5.998334232395906,0.015607069588861761,0.7302881982501331
1,16:0,750,"[61,62,63,64,65,66]","[8.8,8.9,8.9,8.8,9.0,8.9]",8.866337685411827,0.8854542222175031,"[38,39,40,41,42]","[8.6,8.8,8.5,8.6,8.9]",8.686710575669899,1.8057862408265797,0.0295283398414634,0.061383807939251085
1,9-16:1,750,"[61,62,63,64,65,66]","[8.1,8.1,7.9,7.9,8.1,8.1]",8.045910457782119,1.2095076153467368,"[38,39,40,41,42]","[8.0,7.9,7.7,7.5,7.7]",7.743059560555965,2.711979818520043,0.05535194284734681,0.028214777146550456
1,"7,10-16:2",750,"[61,62,63,64,65,66]","[5.8,5.8,5.4,5.8,6.0,6.0]",5.814322942872796,3.9293116856800854,"[38,39,40,41,42]","[6.1,5.3,5.8,5.1,5.4]",5.519634092804042,7.2142400260441315,0.07503857366256068,0.19202954725533927
1,18:0,750,"[61,62,63,64,65,66]","[7.1,6.9,7.0,6.8,6.9,6.9]",6.954901435367649,1.3231674200339376,"[38,39,40,41,42]","[7.7,7.2,6.9,6.6,7.2]",7.122589580483968,5.573924675685813,-0.03437179228674557,0.4037342113406178
1,11-Me-12-18:1,750,"[61,62,63,64,65,66]","[7.9,7.9,7.7,8.0,8.0,7.8]",7.9024495300561695,1.4982107027482787,"[38,39,40,41,42]","[7.8,7.7,7.4,7.4,7.7]",7.601094492866677,2.3764372082775274,0.056092746902030616,0.015991612418076204
1,9-18:1,750,"[61,62,63,64,65,66]","[7.5,8.2,8.2,7.6,7.5,7.6]",7.746671424889134,4.364959759928833,"[38,39,40,41,42]","[5.7,6.4,5.8,6.3,6.5]",6.135783038939006,5.805476000887368,0.336329078953069,0.000045068635538431665
1,11-18:1,750,"[61,62,63,64,65,66]","[7.6,8.0,8.0,7.5,7.9,8.0]",7.850644131572437,2.8161418280520927,"[38,39,40,41,42]","[7.6,7.5,7.6,7.5,7.6]",7.557020202698274,0.9842741526116351,0.0549935498029719,0.021082543909382967
1,"9,12-18:2",750,"[61,62,63,64,65,66]","[9.1,9.3,9.3,9.1,9.4,9.3]",9.237242564748376,1.4881384660113688,"[38,39,40,41,42]","[8.7,8.9,8.5,8.8,9.0]",8.789296408593192,2.5036677546596415,0.07171457205233084,0.006434032725328324
1,"12,15-18:2",750,"[61,62,63,64,65,66]","[5.5,5.2,5.1,5.0,5.2,5.3]",5.228087493641155,3.454535921976374,"[38,39,40,41,42]","[5.4,3.9,4.6,4.4,4.6]",4.571405925991389,11.801914877973003,0.19364535401597846,0.050539209289896504
1,20:0,750,"[61,62,63,64,65,66]","[6.5,6.8,6.8,6.0,6.4,6.8]",6.5439063058117855,4.863418115196166,"[38,39,40,41,42]","[6.8,6.0,6.1,6.2,6.4]",6.3020602577309806,5.263255990894437,0.054328543359089446,0.2529485908711984
1,"9,12,15-18:3",750,"[61,62,63,64,65,66]","[9.1,9.3,9.3,9.2,9.4,9.4]",9.279712117866035,1.3307394406030748,"[38,39,40,41,42]","[9.2,9.2,9.1,9.0,9.4]",9.160335592242792,1.6216097830686111,0.018679596737488608,0.19087760115005398
1,22:0,750,"[61,62,63,64,65,66]","[6.2,6.2,6.1,5.9,6.1,6.4]",6.151571633580346,2.272005837601092,"[38,39,40,41,42]","[6.5,5.2,5.7,6.2,6.3]",5.984668219470848,9.004067228088102,0.039683775665600045,0.5337450237211335
1,23:0,750,"[61,62,63,64,65,66]","[3.1,2.7,2.1,2.9,3.1,3.3]",2.8577554394747806,15.169966309366867,"[38,39,40,41,42]","[2.6,2.6,2.4,3.1,3.3]",2.795830408067882,14.35813629189482,0.031605607890440014,0.8115564842708536
1,24:0,750,"[61,62,63,64,65,66]","[7.0,6.7,6.6,6.8,6.5,6.3]",6.646509129949632,3.2756757749311527,"[38,39,40,41,42]","[6.8,6.0,6.1,6.7,6.8]",6.503047977015346,6.242390032796028,0.03148074182552624,0.5050405851693011
1,15-24:1,750,"[61,62,63,64,65,66]","[5.1,5.2,5.1,5.0,4.8,4.9]",5.017071715527767,2.7807229568378995,"[38,39,40,41,42]","[4.6,4.4,4.5,4.8,5.3]",4.716000426812574,7.249854228368621,0.08928171167916461,0.1230809226834975
1,di-16:0,750,"[61,62,63,64,65,66]","[4.6,4.8,4.9,4.4,4.0,5.1]",4.6418289829242,8.921434414262773,"[38,39,40,41,42]","[4.3,3.9,4.2,3.3,4.5]",4.031316888144979,10.745382565534564,0.20344217800722594,0.04323813447346133
1,26:0,750,"[61,62,63,64,65,66]","[3.9,3.6,3.7,3.8,3.8,3.0]",3.637683575657604,8.58732772610212,"[38,39,40,41,42]","[3.2,3.3,2.5,3.3,3.9]",3.223568479434578,15.481072977259883,0.17436142393933396,0.15458754724279608
5,14:0,750,"[100,101,102,97,98,99]","[3.1,3.4,3.7,3.1,3.4,3.7]",3.3936804566112713,8.292967584230677,"[73,74,75,55,56,57]","[4.1,4.0,3.7,4.1,3.8,4.1]",3.9630786598065626,4.585757495874019,-0.22377087295205636,0.002722952542365975
5,15:0,750,"[100,101,102,97,98,99]","[3.5,3.7,2.1,3.5,3.7,4.0]",3.416908660660603,18.939352536827286,"[73,74,75,55,56,57]","[4.4,4.2,4.1,4.1,4.3,4.0]",4.187312182172772,3.8404075522233487,-0.2933327984455366,0.03221827943353829
5,16:0,750,"[100,101,102,97,98,99]","[7.9,8.2,8.4,8.0,8.1,8.2]",8.12583761979691,2.020593388935026,"[73,74,75,55,56,57]","[8.6,8.5,8.0,8.4,8.4,8.3]",8.382210195764973,2.3662906308797584,-0.04481416433909801,0.035701891687589644
5,9-16:1,750,"[100,101,102,97,98,99]","[7.2,7.6,7.7,7.5,7.6,7.5]",7.5149293149910426,2.2183425111142343,"[73,74,75,55,56,57]","[7.6,7.5,7.2,7.5,7.5,7.2]",7.442446035310941,2.207231664759016,0.013982678681874246,0.46559563602220483
5,"7,10-16:2",750,"[100,101,102,97,98,99]","[4.2,4.2,4.7,4.3,4.3,4.6]",4.388696192503134,5.033146122965104,"[73,74,75,55,56,57]","[5.4,5.7,5.4,5.8,5.3,5.2]",5.463187640043764,4.425718150950567,-0.3159505719717464,0.000011886876820934975
5,18:0,750,"[100,101,102,97,98,99]","[6.1,5.9,6.2,6.3,6.1,6.1]",6.1102490271589085,2.2637291179474612,"[73,74,75,55,56,57]","[6.8,6.9,6.3,7.1,6.8,6.6]",6.749207925725223,3.8821809684040134,-0.1434870209233289,0.0008841073590487324
5,11-Me-12-18:1,750,"[100,101,102,97,98,99]","[7.5,7.6,7.5,7.1,7.1,7.1]",7.308042086144369,3.1402904843320334,"[73,74,75,55,56,57]","[7.5,7.3,7.0,7.4,7.5,7.2]",7.319391135660645,2.506478136398732,-0.002238700460034545,0.9265774582169829
5,9-18:1,750,"[100,101,102,97,98,99]","[7.1,8.3,8.0,8.1,8.1,7.8]",7.913086314887027,5.4612588711976695,"[73,74,75,55,56,57]","[6.3,5.5,5.1,6.0,6.3,5.8]",5.853733917603289,8.152539878199745,0.434883324727573,0.00001496416208360618
5,11-18:1,750,"[100,101,102,97,98,99]","[6.9,7.4,7.6,7.6,7.6,7.5]",7.452866090322826,3.7504917342111255,"[73,74,75,55,56,57]","[7.6,7.4,7.0,7.4,7.1,7.2]",7.292828242153667,3.06437987458148,0.03131692151291265,0.30023505303055925
5,"9,12-18:2",750,"[100,101,102,97,98,99]","[8.7,8.9,9.1,8.9,8.9,8.9]",8.904404589808793,1.4212092571290598,"[73,74,75,55,56,57]","[8.8,8.6,8.2,8.6,8.8,8.5]",8.588919250874605,2.2978320460401935,0.05204253840749668,0.010013368362351262
5,"12,15-18:2",750,"[100,101,102,97,98,99]","[4.5,4.6,5.0,4.5,4.2,5.2]",4.672573052068789,7.891880903354361,"[73,74,75,55,56,57]","[4.9,4.2,4.6,4.8,4.3,4.4]",4.519484368607004,6.3232984075198075,0.04805903570889278,0.4413451305085257
5,20:0,750,"[100,101,102,97,98,99]","[5.1,5.2,5.8,5.6,6.0,5.9]",5.600165351477088,6.586653955238567,"[73,74,75,55,56,57]","[6.5,6.0,6.0,6.3,5.9,6.0]",6.087867988005456,3.8974038787715237,-0.12046765008059863,0.02460370626676855
5,"9,12,15-18:3",750,"[100,101,102,97,98,99]","[7.9,8.1,8.5,8.2,8.1,8.4]",8.209676880274628,2.774606777000836,"[73,74,75,55,56,57]","[9.2,9.0,8.5,9.1,9.0,8.9]",8.946467108726237,2.7454261477255106,-0.12399264466716604,0.0003127868512798733
5,22:0,750,"[100,101,102,97,98,99]","[4.8,5.2,5.4,4.9,5.4,5.5]",5.207047488069374,5.323902190615299,"[73,74,75,55,56,57]","[6.2,5.5,5.4,5.4,5.5,5.7]",5.6287695157380995,5.282648375311055,-0.11235401049256466,0.029413515836941947
5,23:0,750,"[100,101,102,97,98,99]","[1.4,2.4,2.6,2.3,2.6,2.5]",2.3029339929813157,20.03346459894135,"[73,74,75,55,56,57]","[2.5,2.5,2.7,2.6,2.7,2.5]",2.5904828533827664,3.451200914837039,-0.16974797330873378,0.19019646164738763
5,24:0,750,"[100,101,102,97,98,99]","[5.8,5.7,5.8,5.6,5.5,5.6]",5.673822519362886,2.148317567580128,"[73,74,75,55,56,57]","[5.9,5.9,5.5,5.8,5.6,5.7]",5.747297120175056,2.795404101126554,-0.01856261171276062,0.3946062236003574
5,15-24:1,750,"[100,101,102,97,98,99]","[3.9,4.0,4.4,3.6,4.1,4.2]",4.049888041661234,6.77419849302818,"[73,74,75,55,56,57]","[4.6,4.4,3.8,4.6,4.2,4.5]",4.3474371124996125,6.71698464738037,-0.10228313295935931,0.09904834168138126
5,di-16:0,750,"[100,101,102,97,98,99]","[3.1,3.2,3.5,3.7,3.9,3.7]",3.5146892655012754,8.781243919540321,"[73,74,75,55,56,57]","[4.0,3.2,3.1,3.2,4.0,3.0]",3.4163522150974686,12.946175354604945,0.040940426012972625,0.6657739399810257
5,26:0,750,"[100,101,102,97,98,99]","[3.4,3.2,3.3,3.6,2.8,3.5]",3.317719131238297,8.927642883554249,"[73,74,75,55,56,57]","[2.5,2.6,2.1,2.9,2.4,2.6]",2.5180756058325633,11.173920754577813,0.3978701559857651,0.0007350259464836475
1,14:0,1000,"[67,68,69,70,71,72]","[4.6,4.3,3.8,4.0,3.9,4.2]",4.1557743360242645,7.279457969480651,"[38,39,40,41,42]","[3.8,4.0,3.7,4.1,4.8]",4.083003977901914,11.136488941528464,0.0254863430216536,0.7689108935395487
1,15:0,1000,"[67,68,69,70,71,72]","[4.7,4.4,4.0,4.4,4.4,3.7]",4.263026142993168,7.970162798101052,"[38,39,40,41,42]","[4.6,4.6,4.0,4.3,4.5]",4.392213196155575,5.998334232395906,-0.04307018119344754,0.4958325011752667
1,16:0,1000,"[67,68,69,70,71,72]","[9.1,8.9,8.5,8.7,8.9,8.8]",8.821528798478486,2.2357245041582505,"[38,39,40,41,42]","[8.6,8.8,8.5,8.6,8.9]",8.686710575669899,1.8057862408265797,0.02221873047538278,0.23853500115712567
1,9-16:1,1000,"[67,68,69,70,71,72]","[8.4,8.1,7.7,7.9,7.8,7.9]",7.970179218081871,3.03346082991101,"[38,39,40,41,42]","[8.0,7.9,7.7,7.5,7.7]",7.743059560555965,2.711979818520043,0.04170842555411015,0.12998234152111893
1,"7,10-16:2",1000,"[67,68,69,70,71,72]","[6.4,5.7,5.3,5.6,5.4,5.5]",5.650412328571805,6.61301403470694,"[38,39,40,41,42]","[6.1,5.3,5.8,5.1,5.4]",5.519634092804042,7.2142400260441315,0.033783518283269004,0.5915748830853771
1,18:0,1000,"[67,68,69,70,71,72]","[7.6,7.0,6.6,6.6,6.7,6.9]",6.878106200000393,5.348720007265236,"[38,39,40,41,42]","[7.7,7.2,6.9,6.6,7.2]",7.122589580483968,5.573924675685813,-0.05039046969675102,0.32258317199100794
1,11-Me-12-18:1,1000,"[67,68,69,70,71,72]","[8.3,8.0,7.8,8.0,7.9,8.1]",8.009436973251125,2.2960658768922855,"[38,39,40,41,42]","[7.8,7.7,7.4,7.4,7.7]",7.601094492866677,2.3764372082775274,0.07549366203029842,0.0051962624146103436
1,9-18:1,1000,"[67,68,69,70,71,72]","[7.7,8.1,7.5,7.7,8.4,8.2]",7.929636534781751,4.521486719411989,"[38,39,40,41,42]","[5.7,6.4,5.8,6.3,6.5]",6.135783038939006,5.805476000887368,0.3700072695390123,0.000020935331289790216
1,11-18:1,1000,"[67,68,69,70,71,72]","[8.1,8.0,7.4,7.7,7.7,7.8]",7.776007672606674,3.4739710688075847,"[38,39,40,41,42]","[7.6,7.5,7.6,7.5,7.6]",7.557020202698274,0.9842741526116351,0.041212162801627136,0.10691490766712995
1,"9,12-18:2",1000,"[67,68,69,70,71,72]","[9.4,9.2,8.9,9.2,9.4,9.3]",9.21210229278773,1.8438716642404576,"[38,39,40,41,42]","[8.7,8.9,8.5,8.8,9.0]",8.789296408593192,2.5036677546596415,0.06778275025447919,0.008832023696019061
1,"12,15-18:2",1000,"[67,68,69,70,71,72]","[4.9,5.0,4.9,4.6,4.8,4.9]",4.865577509764814,2.6212937070763784,"[38,39,40,41,42]","[5.4,3.9,4.6,4.4,4.6]",4.571405925991389,11.801914877973003,0.08997312164327366,0.293971230168356
1,20:0,1000,"[67,68,69,70,71,72]","[6.8,6.8,6.5,6.3,6.3,6.6]",6.529431001618441,3.4772447225944823,"[38,39,40,41,42]","[6.8,6.0,6.1,6.2,6.4]",6.3020602577309806,5.263255990894437,0.05113372666948279,0.23541943397151555
1,"9,12,15-18:3",1000,"[67,68,69,70,71,72]","[9.5,9.2,8.9,8.9,9.1,9.1]",9.13134640807028,2.5538029956259254,"[38,39,40,41,42]","[9.2,9.2,9.1,9.0,9.4]",9.160335592242792,1.6216097830686111,-0.0045728530880237254,0.8087179303957175
1,22:0,1000,"[67,68,69,70,71,72]","[6.1,6.3,6.2,6.0,6.1,6.2]",6.161042022247493,1.8452020578655186,"[38,39,40,41,42]","[6.5,5.2,5.7,6.2,6.3]",5.984668219470848,9.004067228088102,0.041903107131958515,0.5094874858049732
1,23:0,1000,"[67,68,69,70,71,72]","[3.3,3.3,2.9,2.9,3.4,3.5]",3.2117349673331024,7.970872120808839,"[38,39,40,41,42]","[2.6,2.6,2.4,3.1,3.3]",2.795830408067882,14.35813629189482,0.20007599533188247,0.08803983950938522
1,24:0,1000,"[67,68,69,70,71,72]","[6.9,6.6,6.6,6.7,6.8,6.8]",6.721126255753133,1.6976546841883096,"[38,39,40,41,42]","[6.8,6.0,6.1,6.7,6.8]",6.503047977015346,6.242390032796028,0.047586937472376696,0.3022273400386381
1,15-24:1,1000,"[67,68,69,70,71,72]","[5.1,5.3,5.2,4.9,5.0,5.1]",5.095901677315298,2.5641859261556474,"[38,39,40,41,42]","[4.6,4.4,4.5,4.8,5.3]",4.716000426812574,7.249854228368621,0.11177359295110507,0.06616311854093017
1,di-16:0,1000,"[67,68,69,70,71,72]","[4.6,4.8,3.7,4.2,4.2,4.0]",4.2622347496951045,9.274953471921556,"[38,39,40,41,42]","[4.3,3.9,4.2,3.3,4.5]",4.031316888144979,10.745382565534564,0.0803588611374908,0.38563588936255505
1,26:0,1000,"[67,68,69,70,71,72]","[3.7,4.1,3.9,3.6,3.6,3.8]",3.790404446331338,4.422960229800401,"[38,39,40,41,42]","[3.2,3.3,2.5,3.3,3.9]",3.223568479434578,15.481072977259883,0.23369316453771613,0.06209780706255351
5,14:0,1000,"[103,104,105,106,107,108]","[0.0,3.2,0.0,3.8,3.7,3.6]",2.3905949377742366,77.977728534983,"[73,74,75,55,56,57]","[4.1,4.0,3.7,4.1,3.8,4.1]",3.9630786598065626,4.585757495874019,-0.7292519018092236,0.09380353970155678
5,15:0,1000,"[103,104,105,106,107,108]","[2.9,3.5,3.5,4.1,3.8,3.8]",3.606877652226219,11.919590686371613,"[73,74,75,55,56,57]","[4.4,4.2,4.1,4.1,4.3,4.0]",4.187312182172772,3.8404075522233487,-0.2152739944758299,0.019598803234592368
5,16:0,1000,"[103,104,105,106,107,108]","[7.0,7.8,7.6,8.2,8.1,8.0]",7.752242721581788,5.668720912430153,"[73,74,75,55,56,57]","[8.6,8.5,8.0,8.4,8.4,8.3]",8.382210195764973,2.3662906308797584,-0.11271695750873235,0.015183928806433652
5,9-16:1,1000,"[103,104,105,106,107,108]","[6.3,7.2,7.0,7.8,7.5,7.6]",7.238304217072237,7.499261191036403,"[73,74,75,55,56,57]","[7.6,7.5,7.2,7.5,7.5,7.2]",7.442446035310941,2.207231664759016,-0.040125111921396305,0.4123653540176655
5,"7,10-16:2",1000,"[103,104,105,106,107,108]","[3.5,4.0,4.2,4.9,4.4,4.6]",4.252696011609985,11.33905646580721,"[73,74,75,55,56,57]","[5.4,5.7,5.4,5.8,5.3,5.2]",5.463187640043764,4.425718150950567,-0.36136524217957233,0.0007656060425565685
5,18:0,1000,"[103,104,105,106,107,108]","[5.4,5.9,6.0,6.2,6.2,5.9]",5.91766201558866,5.327798979434413,"[73,74,75,55,56,57]","[6.8,6.9,6.3,7.1,6.8,6.6]",6.749207925725223,3.8821809684040134,-0.18969090008335987,0.0006211451206352817
5,11-Me-12-18:1,1000,"[103,104,105,106,107,108]","[6.3,7.0,6.9,7.3,6.9,6.9]",6.901572510347743,4.733330866167892,"[73,74,75,55,56,57]","[7.5,7.3,7.0,7.4,7.5,7.2]",7.319391135660645,2.506478136398732,-0.08479852805498551,0.026181962197922373
5,9-18:1,1000,"[103,104,105,106,107,108]","[6.8,8.4,7.4,8.4,8.5,8.4]",7.979650674506921,9.082246725075787,"[73,74,75,55,56,57]","[6.3,5.5,5.1,6.0,6.3,5.8]",5.853733917603289,8.152539878199745,0.4469684216034822,0.00023706868289424772
5,11-18:1,1000,"[103,104,105,106,107,108]","[6.7,7.5,7.3,7.9,7.7,7.8]",7.490594420650627,5.88987769198133,"[73,74,75,55,56,57]","[7.6,7.4,7.0,7.4,7.1,7.2]",7.292828242153667,3.06437987458148,0.03860179246734165,0.3582295548893338
5,"9,12-18:2",1000,"[103,104,105,106,107,108]","[7.2,8.6,7.9,8.7,8.8,8.8]",8.344315154718965,7.8456918930105815,"[73,74,75,55,56,57]","[8.8,8.6,8.2,8.6,8.8,8.5]",8.588919250874605,2.2978320460401935,-0.04168295981909469,0.41513260975176014
5,"12,15-18:2",1000,"[103,104,105,106,107,108]","[4.8,4.7,5.4,5.1,4.9,4.7]",4.941741215739659,5.658748217639382,"[73,74,75,55,56,57]","[4.9,4.2,4.6,4.8,4.3,4.4]",4.519484368607004,6.3232984075198075,0.1288612791450021,0.027105960977503743
5,20:0,1000,"[103,104,105,106,107,108]","[4.9,5.7,5.5,6.4,6.4,5.8]",5.773045392374361,10.236591776396285,"[73,74,75,55,56,57]","[6.5,6.0,6.0,6.3,5.9,6.0]",6.087867988005456,3.8974038787715237,-0.07660450611868776,0.26765814325134096
5,"9,12,15-18:3",1000,"[103,104,105,106,107,108]","[7.0,7.9,7.6,8.5,8.2,8.1]",7.873062825009149,6.821154343588293,"[73,74,75,55,56,57]","[9.2,9.0,8.5,9.1,9.0,8.9]",8.946467108726237,2.7454261477255106,-0.18439309501822354,0.0029588747059322404
5,22:0,1000,"[103,104,105,106,107,108]","[3.6,5.0,4.3,5.9,5.7,5.0]",4.913146425851831,17.35250424669655,"[73,74,75,55,56,57]","[6.2,5.5,5.4,5.4,5.5,5.7]",5.6287695157380995,5.282648375311055,-0.1961723384242864,0.09870208510616094
5,23:0,1000,"[103,104,105,106,107,108]","[0.0,0.0,0.0,2.3,2.2,2.0]",1.0968111956490005,109.21131469795678,"[73,74,75,55,56,57]","[2.5,2.5,2.7,2.6,2.7,2.5]",2.5904828533827664,3.451200914837039,-1.2399058317563691,0.02815038627704488
5,24:0,1000,"[103,104,105,106,107,108]","[4.6,5.4,5.2,5.5,5.6,5.0]",5.2214169553097785,7.574927395028151,"[73,74,75,55,56,57]","[5.9,5.9,5.5,5.8,5.6,5.7]",5.747297120175056,2.795404101126554,-0.13844226520955896,0.0208643235303994
5,15-24:1,1000,"[103,104,105,106,107,108]","[2.5,4.1,3.0,4.4,4.3,3.7]",3.6575678324340064,20.98801292465417,"[73,74,75,55,56,57]","[4.6,4.4,3.8,4.6,4.2,4.5]",4.3474371124996125,6.71698464738037,-0.249280537983176,0.08230546222573398
5,di-16:0,1000,"[103,104,105,106,107,108]","[2.5,3.2,3.1,4.5,3.1,4.5]",3.484526510355085,23.5458687301985,"[73,74,75,55,56,57]","[4.0,3.2,3.1,3.2,4.0,3.0]",3.4163522150974686,12.946175354604945,0.0285059110481881,0.8624477761590971
5,26:0,1000,"[103,104,105,106,107,108]","[0.0,3.0,0.0,2.6,3.5,2.4]",1.9100521204691667,79.85022070533529,"[73,74,75,55,56,57]","[2.5,2.6,2.1,2.9,2.4,2.6]",2.5180756058325633,11.173920754577813,-0.39870959469665956,0.37834194125565634
