Ni,Week,Plant,Sample,WaterFraction,FreshWeight,FattyAcid,Standard,Area
0,1,37,37,0.92,0.2665,14:0,,82121.704
0,1,37,37,0.92,0.2665,15:0,,63504.39
0,1,37,37,0.92,0.2665,16:0,,6832628.462
0,1,37,37,0.92,0.2665,9-16:1,,2103655.33
0,1,37,37,0.92,0.2665,17:0,0.05008,9308462.254
0,1,37,37,0.92,0.2665,"7,10-16:2",,219448.419
0,1,37,37,0.92,0.2665,18:0,,1211534.862
0,1,37,37,0.92,0.2665,11-Me-12-18:1,,3133434.778
0,1,37,37,0.92,0.2665,9-18:1,,400198.752
0,1,37,37,0.92,0.2665,11-18:1,,2151426.187
0,1,37,37,0.92,0.2665,"9,12-18:2",,8162641.589
0,1,37,37,0.92,0.2665,"12,15-18:2",,68286.612
0,1,37,37,0.92,0.2665,20:0,,930279.12
0,1,37,37,0.92,0.2665,"9,12,15-18:3",,9567020.438
0,1,37,37,0.92,0.2665,22:0,,846537.404
0,1,37,37,0.92,0.2665,23:0,,20702.777
0,1,37,37,0.92,0.2665,24:0,,1305857.297
0,1,37,37,0.92,0.2665,15-24:1,,173368.773
0,1,37,37,0.92,0.2665,di-16:0,,87349.101
0,1,37,37,0.92,0.2665,26:0,,75331.429
0,1,38,38,0.92,0.1044,14:0,,81873.413
0,1,38,38,0.92,0.1044,15:0,,187908.405
0,1,38,38,0.92,0.1044,16:0,,10899997.344
0,1,38,38,0.92,0.1044,9-16:1,,5888842.489
0,1,38,38,0.92,0.1044,17:0,0.05008,11580325.753
0,1,38,38,0.92,0.1044,"7,10-16:2",,827673.678
0,1,38,38,0.92,0.1044,18:0,,4251922.035
0,1,38,38,0.92,0.1044,11-Me-12-18:1,,4657248.02
0,1,38,38,0.92,0.1044,9-18:1,,554204.025
0,1,38,38,0.92,0.1044,11-18:1,,4039602.869
0,1,38,38,0.92,0.1044,"9,12-18:2",,11901948.094
0,1,38,38,0.92,0.1044,"12,15-18:2",,410568.702
0,1,38,38,0.92,0.1044,20:0,,1744024.175
0,1,38,38,0.92,0.1044,"9,12,15-18:3",,19130472.812
0,1,38,38,0.92,0.1044,22:0,,1318280.47
0,1,38,38,0.92,0.1044,23:0,,22884.244
0,1,38,38,0.92,0.1044,24:0,,1770017.755
0,1,38,38,0.92,0.1044,15-24:1,,197615.39
0,1,38,38,0.92,0.1044,di-16:0,,137408.219
0,1,38,38,0.92,0.1044,26:0,,44607.992
0,1,39,39,0.92,0.1865,14:0,,182397.849
0,1,39,39,0.92,0.1865,15:0,,325975.976
0,1,39,39,0.92,0.1865,16:0,,21448095.359
0,1,39,39,0.92,0.1865,9-16:1,,8640990.251
0,1,39,39,0.92,0.1865,17:0,0.05008,11266983.13
0,1,39,39,0.92,0.1865,"7,10-16:2",,657336.959
0,1,39,39,0.92,0.1865,18:0,,4358715.62
0,1,39,39,0.92,0.1865,11-Me-12-18:1,,7310903.704
0,1,39,39,0.92,0.1865,9-18:1,,1971338.587
0,1,39,39,0.92,0.1865,11-18:1,,6092173.612
0,1,39,39,0.92,0.1865,"9,12-18:2",,24865400.669
0,1,39,39,0.92,0.1865,"12,15-18:2",,155432.929
0,1,39,39,0.92,0.1865,20:0,,1305535.694
0,1,39,39,0.92,0.1865,"9,12,15-18:3",,31740998.838
0,1,39,39,0.92,0.1865,22:0,,614180.327
0,1,39,39,0.92,0.1865,23:0,,43998.893
0,1,39,39,0.92,0.1865,24:0,,1329280.515
0,1,39,39,0.92,0.1865,15-24:1,,266225.519
0,1,39,39,0.92,0.1865,di-16:0,,163353.035
0,1,39,39,0.92,0.1865,26:0,,84330.338
0,1,40,40,0.92,0.2227,14:0,,169808.798
0,1,40,40,0.92,0.2227,15:0,,229313.912
0,1,40,40,0.92,0.2227,16:0,,22227124.197
0,1,40,40,0.92,0.2227,9-16:1,,9258163.251
0,1,40,40,0.92,0.2227,17:0,0.05008,12344869.485
0,1,40,40,0.92,0.2227,"7,10-16:2",,1399498.157
0,1,40,40,0.92,0.2227,18:0,,4324021.616
0,1,40,40,0.92,0.2227,11-Me-12-18:1,,7408431.405
0,1,40,40,0.92,0.2227,9-18:1,,1517753.597
0,1,40,40,0.92,0.2227,11-18:1,,8424420.167
0,1,40,40,0.92,0.2227,"9,12-18:2",,20667943.744
0,1,40,40,0.92,0.2227,"12,15-18:2",,418823.955
0,1,40,40,0.92,0.2227,20:0,,1916421.444
0,1,40,40,0.92,0.2227,"9,12,15-18:3",,40151703.787
0,1,40,40,0.92,0.2227,22:0,,1252791.671
0,1,40,40,0.92,0.2227,23:0,,41845.216
0,1,40,40,0.92,0.2227,24:0,,2049422.738
0,1,40,40,0.92,0.2227,15-24:1,,396238.955
0,1,40,40,0.92,0.2227,di-16:0,,281170.875
0,1,40,40,0.92,0.2227,26:0,,47686.691
0,1,41,41,0.92,0.2663,14:0,,352059.149
0,1,41,41,0.92,0.2663,15:0,,419254.972
0,1,41,41,0.92,0.2663,16:0,,31056989.454
0,1,41,41,0.92,0.2663,9-16:1,,10157194.124
0,1,41,41,0.92,0.2663,17:0,0.05008,13684270.28
0,1,41,41,0.92,0.2663,"7,10-16:2",,909627.846
0,1,41,41,0.92,0.2663,18:0,,4431626.73
0,1,41,41,0.92,0.2663,11-Me-12-18:1,,9379045.794
0,1,41,41,0.92,0.2663,9-18:1,,3266676.421
0,1,41,41,0.92,0.2663,11-18:1,,10152459.999
0,1,41,41,0.92,0.2663,"9,12-18:2",,39014552.86
0,1,41,41,0.92,0.2663,"12,15-18:2",,482028.87
0,1,41,41,0.92,0.2663,20:0,,2930972.542
0,1,41,41,0.92,0.2663,"9,12,15-18:3",,45158281.791
0,1,41,41,0.92,0.2663,22:0,,2811422.025
0,1,41,41,0.92,0.2663,23:0,,124685.19
0,1,41,41,0.92,0.2663,24:0,,4817465.908
0,1,41,41,0.92,0.2663,15-24:1,,681717.313
0,1,41,41,0.92,0.2663,di-16:0,,158959.619
0,1,41,41,0.92,0.2663,26:0,,156730.431
0,1,42,42,0.92,0.2502,14:0,,521735.716
0,1,42,42,0.92,0.2502,15:0,,381466.411
0,1,42,42,0.92,0.2502,16:0,,31370025.591
0,1,42,42,0.92,0.2502,9-16:1,,9435823.666
0,1,42,42,0.92,0.2502,17:0,0.05008,10487391.657
0,1,42,42,0.92,0.2502,"7,10-16:2",,950108.177
0,1,42,42,0.92,0.2502,18:0,,5702176.655
0,1,42,42,0.92,0.2502,11-Me-12-18:1,,9381489.195
0,1,42,42,0.92,0.2502,9-18:1,,2671635.018
0,1,42,42,0.92,0.2502,11-18:1,,8458469.248
0,1,42,42,0.92,0.2502,"9,12-18:2",,35434810.631
0,1,42,42,0.92,0.2502,"12,15-18:2",,429696.775
0,1,42,42,0.92,0.2502,20:0,,2603430.798
0,1,42,42,0.92,0.2502,"9,12,15-18:3",,49112090.366
0,1,42,42,0.92,0.2502,22:0,,2377046.1
0,1,42,42,0.92,0.2502,23:0,,111191.784
0,1,42,42,0.92,0.2502,24:0,,3921463.878
0,1,42,42,0.92,0.2502,15-24:1,,811785.974
0,1,42,42,0.92,0.2502,di-16:0,,356420.609
0,1,42,42,0.92,0.2502,26:0,,196845.537
0,5,73,19,0.893,0.1,14:0,,237456.66
0,5,73,19,0.893,0.1,15:0,,317299.731
0,5,73,19,0.893,0.1,16:0,,20371547.413
0,5,73,19,0.893,0.1,9-16:1,,7906582.995
0,5,73,19,0.893,0.1,17:0,0.05008,18347405.018
0,5,73,19,0.893,0.1,"7,10-16:2",,856502.13
0,5,73,19,0.893,0.1,18:0,,3349244.293
0,5,73,19,0.893,0.1,11-Me-12-18:1,,7028408.031
0,5,73,19,0.893,0.1,9-18:1,,2172485.409
0,5,73,19,0.893,0.1,11-18:1,,8176950.568
0,5,73,19,0.893,0.1,"9,12-18:2",,25592165.338
0,5,73,19,0.893,0.1,"12,15-18:2",,532517.345
0,5,73,19,0.893,0.1,20:0,,2513693.352
0,5,73,19,0.893,0.1,"9,12,15-18:3",,39153709.333
0,5,73,19,0.893,0.1,22:0,,1932921.369
0,5,73,19,0.893,0.1,23:0,,43550.193
0,5,73,19,0.893,0.1,24:0,,1454744.365
0,5,73,19,0.893,0.1,15-24:1,,392167.824
0,5,73,19,0.893,0.1,di-16:0,,203227.031
0,5,73,19,0.893,0.1,26:0,,44725.573
0,5,74,20,0.893,0.1915,14:0,,436623.895
0,5,74,20,0.893,0.1915,15:0,,529062.681
0,5,74,20,0.893,0.1915,16:0,,39545947.938
0,5,74,20,0.893,0.1915,9-16:1,,14608258.708
0,5,74,20,0.893,0.1915,17:0,0.05008,19343571.849
0,5,74,20,0.893,0.1915,"7,10-16:2",,2351613.887
0,5,74,20,0.893,0.1915,18:0,,7872796.575
0,5,74,20,0.893,0.1915,11-Me-12-18:1,,11736027.014
0,5,74,20,0.893,0.1915,9-18:1,,1871277.803
0,5,74,20,0.893,0.1915,11-18:1,,13108937.268
0,5,74,20,0.893,0.1915,"9,12-18:2",,43451867.821
0,5,74,20,0.893,0.1915,"12,15-18:2",,523146.057
0,5,74,20,0.893,0.1915,20:0,,3047732.995
0,5,74,20,0.893,0.1915,"9,12,15-18:3",,65614008.206
0,5,74,20,0.893,0.1915,22:0,,1988600.159
0,5,74,20,0.893,0.1915,23:0,,90571.584
0,5,74,20,0.893,0.1915,24:0,,2889714.784
0,5,74,20,0.893,0.1915,15-24:1,,641189.703
0,5,74,20,0.893,0.1915,di-16:0,,184186.06
0,5,74,20,0.893,0.1915,26:0,,96061.904
0,5,75,21,0.893,0.2113,14:0,,349809.581
0,5,75,21,0.893,0.2113,15:0,,532376.141
0,5,75,21,0.893,0.2113,16:0,,26588382.86
0,5,75,21,0.893,0.2113,9-16:1,,12292714.162
0,5,75,21,0.893,0.2113,17:0,0.05008,19508136.6
0,5,75,21,0.893,0.2113,"7,10-16:2",,1854702.828
0,5,75,21,0.893,0.2113,18:0,,5004694.979
0,5,75,21,0.893,0.2113,11-Me-12-18:1,,10004201.211
0,5,75,21,0.893,0.2113,9-18:1,,1502198.629
0,5,75,21,0.893,0.2113,11-18:1,,10043450.705
0,5,75,21,0.893,0.2113,"9,12-18:2",,33304367.231
0,5,75,21,0.893,0.2113,"12,15-18:2",,861483.407
0,5,75,21,0.893,0.2113,20:0,,3391814.34
0,5,75,21,0.893,0.2113,"9,12,15-18:3",,43281461.827
0,5,75,21,0.893,0.2113,22:0,,1965984.117
0,5,75,21,0.893,0.2113,23:0,,120540.252
0,5,75,21,0.893,0.2113,24:0,,2227568.751
0,5,75,21,0.893,0.2113,15-24:1,,401826.509
0,5,75,21,0.893,0.2113,di-16:0,,193011.64
0,5,75,21,0.893,0.2113,26:0,,61438.705
0,5,55,55,0.893,0.2656,14:0,,430049.65
0,5,55,55,0.893,0.2656,15:0,,431747.589
0,5,55,55,0.893,0.2656,16:0,,34352119.558
0,5,55,55,0.893,0.2656,9-16:1,,13727815.38
0,5,55,55,0.893,0.2656,17:0,0.05008,13073383.23
0,5,55,55,0.893,0.2656,"7,10-16:2",,2485900.632
0,5,55,55,0.893,0.2656,18:0,,9166302.888
0,5,55,55,0.893,0.2656,11-Me-12-18:1,,12610186.995
0,5,55,55,0.893,0.2656,9-18:1,,3079810.969
0,5,55,55,0.893,0.2656,11-18:1,,11690239.847
0,5,55,55,0.893,0.2656,"9,12-18:2",,41619688.284
0,5,55,55,0.893,0.2656,"12,15-18:2",,861981.888
0,5,55,55,0.893,0.2656,20:0,,4005662.225
0,5,55,55,0.893,0.2656,"9,12,15-18:3",,66207837.81
0,5,55,55,0.893,0.2656,22:0,,1666775.334
0,5,55,55,0.893,0.2656,23:0,,93804.021
0,5,55,55,0.893,0.2656,24:0,,2541736.431
0,5,55,55,0.893,0.2656,15-24:1,,720185.924
0,5,55,55,0.893,0.2656,di-16:0,,167997.072
0,5,55,55,0.893,0.2656,26:0,,130913.462
0,5,56,56,0.893,0.2854,14:0,,279918.287
0,5,56,56,0.893,0.2854,15:0,,499182.967
0,5,56,56,0.893,0.2854,16:0,,31222862.009
0,5,56,56,0.893,0.2854,9-16:1,,12451762.061
0,5,56,56,0.893,0.2854,17:0,0.05008,10961441.985
0,5,56,56,0.893,0.2854,"7,10-16:2",,1381176.686
0,5,56,56,0.893,0.2854,18:0,,5760858.711
0,5,56,56,0.893,0.2854,11-Me-12-18:1,,11733697.11
0,5,56,56,0.893,0.2854,9-18:1,,3792897.39
0,5,56,56,0.893,0.2854,11-18:1,,8236701.152
0,5,56,56,0.893,0.2854,"9,12-18:2",,42197167.042
0,5,56,56,0.893,0.2854,"12,15-18:2",,472874.919
0,5,56,56,0.893,0.2854,20:0,,2320273.744
0,5,56,56,0.893,0.2854,"9,12,15-18:3",,52544967.627
0,5,56,56,0.893,0.2854,22:0,,1677640.802
0,5,56,56,0.893,0.2854,23:0,,92791.502
0,5,56,56,0.893,0.2854,24:0,,1845802.959
0,5,56,56,0.893,0.2854,15-24:1,,430715.184
0,5,56,56,0.893,0.2854,di-16:0,,358346.414
0,5,56,56,0.893,0.2854,26:0,,65645.101
0,5,57,57,0.893,0.2042,14:0,,376564.262
0,5,57,57,0.893,0.2042,15:0,,335696.716
0,5,57,57,0.893,0.2042,16:0,,26304101.614
0,5,57,57,0.893,0.2042,9-16:1,,8840083.225
0,5,57,57,0.893,0.2042,17:0,0.05008,14725951.806
0,5,57,57,0.893,0.2042,"7,10-16:2",,1138007.425
0,5,57,57,0.893,0.2042,18:0,,4790398.053
0,5,57,57,0.893,0.2042,11-Me-12-18:1,,8393575.679
0,5,57,57,0.893,0.2042,9-18:1,,2146223.678
0,5,57,57,0.893,0.2042,11-18:1,,8428904.528
0,5,57,57,0.893,0.2042,"9,12-18:2",,32123147.902
0,5,57,57,0.893,0.2042,"12,15-18:2",,497217.594
0,5,57,57,0.893,0.2042,20:0,,2596351.057
0,5,57,57,0.893,0.2042,"9,12,15-18:3",,46167488.606
0,5,57,57,0.893,0.2042,22:0,,1872592.371
0,5,57,57,0.893,0.2042,23:0,,74008.18
0,5,57,57,0.893,0.2042,24:0,,1839487.354
0,5,57,57,0.893,0.2042,15-24:1,,545477.944
0,5,57,57,0.893,0.2042,di-16:0,,128732.428
0,5,57,57,0.893,0.2042,26:0,,82796.903
50,1,43,43,0.913,0.274,14:0,,374278.901
50,1,43,43,0.913,0.274,15:0,,423227.56
50,1,43,43,0.913,0.274,16:0,,37243705.592
50,1,43,43,0.913,0.274,9-16:1,,10717335.786
50,1,43,43,0.913,0.274,17:0,0.05008,13047126.675
50,1,43,43,0.913,0.274,"7,10-16:2",,911516.064
50,1,43,43,0.913,0.274,18:0,,4469665.678
50,1,43,43,0.913,0.274,11-Me-12-18:1,,13172180.965
50,1,43,43,0.913,0.274,9-18:1,,4136023.452
50,1,43,43,0.913,0.274,11-18:1,,8839879.819
50,1,43,43,0.913,0.274,"9,12-18:2",,49791513.02
50,1,43,43,0.913,0.274,"12,15-18:2",,333511.453
50,1,43,43,0.913,0.274,20:0,,2823416.094
50,1,43,43,0.913,0.274,"9,12,15-18:3",,57762956.739
50,1,43,43,0.913,0.274,22:0,,2557232.996
50,1,43,43,0.913,0.274,23:0,,157308.753
50,1,43,43,0.913,0.274,24:0,,3775251.566
50,1,43,43,0.913,0.274,15-24:1,,625762.3
50,1,43,43,0.913,0.274,di-16:0,,491980.226
50,1,43,43,0.913,0.274,26:0,,157895.441
50,1,44,44,0.913,0.2147,14:0,,181554.212
50,1,44,44,0.913,0.2147,15:0,,279171.498
50,1,44,44,0.913,0.2147,16:0,,21061454.289
50,1,44,44,0.913,0.2147,9-16:1,,7346841.546
50,1,44,44,0.913,0.2147,17:0,0.05008,12048369.787
50,1,44,44,0.913,0.2147,"7,10-16:2",,863663.201
50,1,44,44,0.913,0.2147,18:0,,2615353.381
50,1,44,44,0.913,0.2147,11-Me-12-18:1,,8533857.296
50,1,44,44,0.913,0.2147,9-18:1,,2007801.34
50,1,44,44,0.913,0.2147,11-18:1,,5457708.226
50,1,44,44,0.913,0.2147,"9,12-18:2",,29853673.896
50,1,44,44,0.913,0.2147,"12,15-18:2",,389105.064
50,1,44,44,0.913,0.2147,20:0,,1774847.307
50,1,44,44,0.913,0.2147,"9,12,15-18:3",,33570992.625
50,1,44,44,0.913,0.2147,22:0,,1492716.381
50,1,44,44,0.913,0.2147,23:0,,74877.461
50,1,44,44,0.913,0.2147,24:0,,1905825.906
50,1,44,44,0.913,0.2147,15-24:1,,397652.027
50,1,44,44,0.913,0.2147,di-16:0,,373035.739
50,1,44,44,0.913,0.2147,26:0,,74361.044
50,1,45,45,0.913,0.3536,14:0,,431085.213
50,1,45,45,0.913,0.3536,15:0,,545714.723
50,1,45,45,0.913,0.3536,16:0,,42443532.748
50,1,45,45,0.913,0.3536,9-16:1,,15555203.415
50,1,45,45,0.913,0.3536,17:0,0.05008,12820344.779
50,1,45,45,0.913,0.3536,"7,10-16:2",,1832416.935
50,1,45,45,0.913,0.3536,18:0,,4024333.365
50,1,45,45,0.913,0.3536,11-Me-12-18:1,,15661886.584
50,1,45,45,0.913,0.3536,9-18:1,,3756983.78
50,1,45,45,0.913,0.3536,11-18:1,,12351095.678
50,1,45,45,0.913,0.3536,"9,12-18:2",,56848518.925
50,1,45,45,0.913,0.3536,"12,15-18:2",,598278.408
50,1,45,45,0.913,0.3536,20:0,,3271887.312
50,1,45,45,0.913,0.3536,"9,12,15-18:3",,64638959.704
50,1,45,45,0.913,0.3536,22:0,,3595478.048
50,1,45,45,0.913,0.3536,23:0,,108656.181
50,1,45,45,0.913,0.3536,24:0,,3662666.149
50,1,45,45,0.913,0.3536,15-24:1,,701237.523
50,1,45,45,0.913,0.3536,di-16:0,,789316.597
50,1,45,45,0.913,0.3536,26:0,,92044.334
50,1,46,46,0.913,0.2332,14:0,,195439.101
50,1,46,46,0.913,0.2332,15:0,,273448.877
50,1,46,46,0.913,0.2332,16:0,,23952769.649
50,1,46,46,0.913,0.2332,9-16:1,,8478429.136
50,1,46,46,0.913,0.2332,17:0,0.05008,10834946.858
50,1,46,46,0.913,0.2332,"7,10-16:2",,966324.678
50,1,46,46,0.913,0.2332,18:0,,3211863.235
50,1,46,46,0.913,0.2332,11-Me-12-18:1,,8551947.437
50,1,46,46,0.913,0.2332,9-18:1,,2193722.752
50,1,46,46,0.913,0.2332,11-18:1,,7162972.171
50,1,46,46,0.913,0.2332,"9,12-18:2",,34879657.268
50,1,46,46,0.913,0.2332,"12,15-18:2",,429938.117
50,1,46,46,0.913,0.2332,20:0,,1935643.851
50,1,46,46,0.913,0.2332,"9,12,15-18:3",,36944250.131
50,1,46,46,0.913,0.2332,22:0,,1490539.495
50,1,46,46,0.913,0.2332,23:0,,69958.182
50,1,46,46,0.913,0.2332,24:0,,3064336.574
50,1,46,46,0.913,0.2332,15-24:1,,593929.876
50,1,46,46,0.913,0.2332,di-16:0,,424235.883
50,1,46,46,0.913,0.2332,26:0,,103506.959
50,1,47,47,0.913,0.2588,14:0,,151652.589
50,1,47,47,0.913,0.2588,15:0,,296343.84
50,1,47,47,0.913,0.2588,16:0,,22571010.785
50,1,47,47,0.913,0.2588,9-16:1,,8264418.293
50,1,47,47,0.913,0.2588,17:0,0.05008,10596844.697
50,1,47,47,0.913,0.2588,"7,10-16:2",,813874.41
50,1,47,47,0.913,0.2588,18:0,,3023377.886
50,1,47,47,0.913,0.2588,11-Me-12-18:1,,9435166.103
50,1,47,47,0.913,0.2588,9-18:1,,2037840.804
50,1,47,47,0.913,0.2588,11-18:1,,6770258.387
50,1,47,47,0.913,0.2588,"9,12-18:2",,32054118.884
50,1,47,47,0.913,0.2588,"12,15-18:2",,354565.871
50,1,47,47,0.913,0.2588,20:0,,1440238.189
50,1,47,47,0.913,0.2588,"9,12,15-18:3",,35315270.663
50,1,47,47,0.913,0.2588,22:0,,2369366.732
50,1,47,47,0.913,0.2588,23:0,,57755.486
50,1,47,47,0.913,0.2588,24:0,,3221915.598
50,1,47,47,0.913,0.2588,15-24:1,,387933.996
50,1,47,47,0.913,0.2588,di-16:0,,321046.041
50,1,47,47,0.913,0.2588,26:0,,115214.666
50,1,48,48,0.913,0.2333,14:0,,156074.821
50,1,48,48,0.913,0.2333,15:0,,214417.981
50,1,48,48,0.913,0.2333,16:0,,19624548.519
50,1,48,48,0.913,0.2333,9-16:1,,5510939.564
50,1,48,48,0.913,0.2333,17:0,0.05008,8625806.193
50,1,48,48,0.913,0.2333,"7,10-16:2",,610305.853
50,1,48,48,0.913,0.2333,18:0,,2101175.386
50,1,48,48,0.913,0.2333,11-Me-12-18:1,,5070219.009
50,1,48,48,0.913,0.2333,9-18:1,,2235224.02
50,1,48,48,0.913,0.2333,11-18:1,,5630890.367
50,1,48,48,0.913,0.2333,"9,12-18:2",,28546306.135
50,1,48,48,0.913,0.2333,"12,15-18:2",,249742.835
50,1,48,48,0.913,0.2333,20:0,,1130975.964
50,1,48,48,0.913,0.2333,"9,12,15-18:3",,32964741.095
50,1,48,48,0.913,0.2333,22:0,,1007956.012
50,1,48,48,0.913,0.2333,23:0,,24493.489
50,1,48,48,0.913,0.2333,24:0,,1855291.208
50,1,48,48,0.913,0.2333,15-24:1,,342764.904
50,1,48,48,0.913,0.2333,di-16:0,,221120.71
50,1,48,48,0.913,0.2333,26:0,,30917.563
50,5,79,22,0.894,0.1909,14:0,,336866.98
50,5,79,22,0.894,0.1909,15:0,,252867.91
50,5,79,22,0.894,0.1909,16:0,,22058258.783
50,5,79,22,0.894,0.1909,9-16:1,,7510747.131
50,5,79,22,0.894,0.1909,17:0,0.05008,18650399.362
50,5,79,22,0.894,0.1909,"7,10-16:2",,1038650.355
50,5,79,22,0.894,0.1909,18:0,,3273155.456
50,5,79,22,0.894,0.1909,11-Me-12-18:1,,7585205.483
50,5,79,22,0.894,0.1909,9-18:1,,1791312.878
50,5,79,22,0.894,0.1909,11-18:1,,7420299.856
50,5,79,22,0.894,0.1909,"9,12-18:2",,34348662.668
50,5,79,22,0.894,0.1909,"12,15-18:2",,1015915.439
50,5,79,22,0.894,0.1909,20:0,,2669558.994
50,5,79,22,0.894,0.1909,"9,12,15-18:3",,35375211.324
50,5,79,22,0.894,0.1909,22:0,,1761079.138
50,5,79,22,0.894,0.1909,23:0,,88466.524
50,5,79,22,0.894,0.1909,24:0,,1045179.963
50,5,79,22,0.894,0.1909,15-24:1,,355639.746
50,5,79,22,0.894,0.1909,di-16:0,,394423.317
50,5,79,22,0.894,0.1909,26:0,,56839.837
50,5,80,23,0.894,0.2166,14:0,,283032.511
50,5,80,23,0.894,0.2166,15:0,,518156.926
50,5,80,23,0.894,0.2166,16:0,,27354155.7
50,5,80,23,0.894,0.2166,9-16:1,,11539709.297
50,5,80,23,0.894,0.2166,17:0,0.05008,18309949.222
50,5,80,23,0.894,0.2166,"7,10-16:2",,1300215.139
50,5,80,23,0.894,0.2166,18:0,,4759112.991
50,5,80,23,0.894,0.2166,11-Me-12-18:1,,9544359.97
50,5,80,23,0.894,0.2166,9-18:1,,1918850.67
50,5,80,23,0.894,0.2166,11-18:1,,9470424.508
50,5,80,23,0.894,0.2166,"9,12-18:2",,40400463.023
50,5,80,23,0.894,0.2166,"12,15-18:2",,949378.664
50,5,80,23,0.894,0.2166,20:0,,2610984.142
50,5,80,23,0.894,0.2166,"9,12,15-18:3",,47171995.676
50,5,80,23,0.894,0.2166,22:0,,1862567.64
50,5,80,23,0.894,0.2166,23:0,,98143.239
50,5,80,23,0.894,0.2166,24:0,,2239361.582
50,5,80,23,0.894,0.2166,15-24:1,,400019.99
50,5,80,23,0.894,0.2166,di-16:0,,191373.142
50,5,80,23,0.894,0.2166,26:0,,88591.168
50,5,81,24,0.894,0.344,14:0,,517199.739
50,5,81,24,0.894,0.344,15:0,,136933.803
50,5,81,24,0.894,0.344,16:0,,55715204.493
50,5,81,24,0.894,0.344,9-16:1,,21494048.345
50,5,81,24,0.894,0.344,17:0,0.05008,20812768.795
50,5,81,24,0.894,0.344,"7,10-16:2",,1934520.554
50,5,81,24,0.894,0.344,18:0,,10344802.266
50,5,81,24,0.894,0.344,11-Me-12-18:1,,19941819.941
50,5,81,24,0.894,0.344,9-18:1,,5804040.252
50,5,81,24,0.894,0.344,11-18:1,,13895044.482
50,5,81,24,0.894,0.344,"9,12-18:2",,88716446.576
50,5,81,24,0.894,0.344,"12,15-18:2",,1021055.836
50,5,81,24,0.894,0.344,20:0,,4736684.268
50,5,81,24,0.894,0.344,"9,12,15-18:3",,92360982.127
50,5,81,24,0.894,0.344,22:0,,2713229.675
50,5,81,24,0.894,0.344,23:0,,297937.715
50,5,81,24,0.894,0.344,24:0,,4276015.353
50,5,81,24,0.894,0.344,15-24:1,,938575.479
50,5,81,24,0.894,0.344,di-16:0,,454116.575
50,5,81,24,0.894,0.344,26:0,,160970.445
50,5,82,58,0.894,0.1467,14:0,,313777.74
50,5,82,58,0.894,0.1467,15:0,,314880.694
50,5,82,58,0.894,0.1467,16:0,,22050356.82
50,5,82,58,0.894,0.1467,9-16:1,,9593658.13
50,5,82,58,0.894,0.1467,17:0,0.05008,13530832.764
50,5,82,58,0.894,0.1467,"7,10-16:2",,1151407.964
50,5,82,58,0.894,0.1467,18:0,,3318308.943
50,5,82,58,0.894,0.1467,11-Me-12-18:1,,8187739.695
50,5,82,58,0.894,0.1467,9-18:1,,2773286.036
50,5,82,58,0.894,0.1467,11-18:1,,9190796.154
50,5,82,58,0.894,0.1467,"9,12-18:2",,30452523.81
50,5,82,58,0.894,0.1467,"12,15-18:2",,385585.901
50,5,82,58,0.894,0.1467,20:0,,2263626.866
50,5,82,58,0.894,0.1467,"9,12,15-18:3",,34259364.669
50,5,82,58,0.894,0.1467,22:0,,1415473.296
50,5,82,58,0.894,0.1467,23:0,,36462.301
50,5,82,58,0.894,0.1467,24:0,,1628389.823
50,5,82,58,0.894,0.1467,15-24:1,,393206.725
50,5,82,58,0.894,0.1467,di-16:0,,256003.957
50,5,82,58,0.894,0.1467,26:0,,76706.382
50,5,83,59,0.894,0.178,14:0,,508468.973
50,5,83,59,0.894,0.178,15:0,,247631.083
50,5,83,59,0.894,0.178,16:0,,24968266.511
50,5,83,59,0.894,0.178,9-16:1,,8648876.136
50,5,83,59,0.894,0.178,17:0,0.05008,14057068.349
50,5,83,59,0.894,0.178,"7,10-16:2",,703229.198
50,5,83,59,0.894,0.178,18:0,,2647538.122
50,5,83,59,0.894,0.178,11-Me-12-18:1,,8619734.34
50,5,83,59,0.894,0.178,9-18:1,,4300307.545
50,5,83,59,0.894,0.178,11-18:1,,8638329.116
50,5,83,59,0.894,0.178,"9,12-18:2",,35501271.992
50,5,83,59,0.894,0.178,"12,15-18:2",,487264.415
50,5,83,59,0.894,0.178,20:0,,2276997.545
50,5,83,59,0.894,0.178,"9,12,15-18:3",,38454054.593
50,5,83,59,0.894,0.178,22:0,,1955584.767
50,5,83,59,0.894,0.178,23:0,,0.0
50,5,83,59,0.894,0.178,24:0,,1726483.289
50,5,83,59,0.894,0.178,15-24:1,,568868.532
50,5,83,59,0.894,0.178,di-16:0,,365540.682
50,5,83,59,0.894,0.178,26:0,,109783.655
50,5,84,60,0.894,0.2009,14:0,,333100.0
50,5,84,60,0.894,0.2009,15:0,,303544.0
50,5,84,60,0.894,0.2009,16:0,,26674332.0
50,5,84,60,0.894,0.2009,9-16:1,,10494439.0
50,5,84,60,0.894,0.2009,17:0,0.05008,13966632.0
50,5,84,60,0.894,0.2009,"7,10-16:2",,969992.0
50,5,84,60,0.894,0.2009,18:0,,4109228.0
50,5,84,60,0.894,0.2009,11-Me-12-18:1,,10369950.0
50,5,84,60,0.894,0.2009,9-18:1,,3989553.0
50,5,84,60,0.894,0.2009,11-18:1,,7999904.0
50,5,84,60,0.894,0.2009,"9,12-18:2",,39120938.0
50,5,84,60,0.894,0.2009,"12,15-18:2",,543858.0
50,5,84,60,0.894,0.2009,20:0,,2557438.0
50,5,84,60,0.894,0.2009,"9,12,15-18:3",,42086747.0
50,5,84,60,0.894,0.2009,22:0,,1736388.0
50,5,84,60,0.894,0.2009,23:0,,109841.0
50,5,84,60,0.894,0.2009,24:0,,1972167.0
50,5,84,60,0.894,0.2009,15-24:1,,423482.0
50,5,84,60,0.894,0.2009,di-16:0,,351616.0
50,5,84,60,0.894,0.2009,26:0,,52909.0
250,1,49,49,0.919,0.2016,14:0,,138704.451
250,1,49,49,0.919,0.2016,15:0,,202136.58
250,1,49,49,0.919,0.2016,16:0,,15217214.685
250,1,49,49,0.919,0.2016,9-16:1,,5836165.536
250,1,49,49,0.919,0.2016,17:0,0.05008,8958068.023
250,1,49,49,0.919,0.2016,"7,10-16:2",,477355.58
250,1,49,49,0.919,0.2016,18:0,,1529891.84
250,1,49,49,0.919,0.2016,11-Me-12-18:1,,4775603.725
250,1,49,49,0.919,0.2016,9-18:1,,2412881.484
250,1,49,49,0.919,0.2016,11-18:1,,4208949.899
250,1,49,49,0.919,0.2016,"9,12-18:2",,26798569.398
250,1,49,49,0.919,0.2016,"12,15-18:2",,242294.143
250,1,49,49,0.919,0.2016,20:0,,785383.783
250,1,49,49,0.919,0.2016,"9,12,15-18:3",,21306321.991
250,1,49,49,0.919,0.2016,22:0,,871224.019
250,1,49,49,0.919,0.2016,23:0,,33926.362
250,1,49,49,0.919,0.2016,24:0,,1567019.623
250,1,49,49,0.919,0.2016,15-24:1,,276740.399
250,1,49,49,0.919,0.2016,di-16:0,,309843.017
250,1,49,49,0.919,0.2016,26:0,,30429.886
250,1,50,50,0.919,0.2636,14:0,,237861.307
250,1,50,50,0.919,0.2636,15:0,,377501.804
250,1,50,50,0.919,0.2636,16:0,,28359974.126
250,1,50,50,0.919,0.2636,9-16:1,,10311259.427
250,1,50,50,0.919,0.2636,17:0,0.05008,28084064.443
250,1,50,50,0.919,0.2636,"7,10-16:2",,1192180.719
250,1,50,50,0.919,0.2636,18:0,,4893686.336
250,1,50,50,0.919,0.2636,11-Me-12-18:1,,10985886.367
250,1,50,50,0.919,0.2636,9-18:1,,7278383.177
250,1,50,50,0.919,0.2636,11-18:1,,9486043.997
250,1,50,50,0.919,0.2636,"9,12-18:2",,48679323.673
250,1,50,50,0.919,0.2636,"12,15-18:2",,589934.52
250,1,50,50,0.919,0.2636,20:0,,2756176.968
250,1,50,50,0.919,0.2636,"9,12,15-18:3",,49192884.418
250,1,50,50,0.919,0.2636,22:0,,1369184.497
250,1,50,50,0.919,0.2636,23:0,,127110.492
250,1,50,50,0.919,0.2636,24:0,,2810890.255
250,1,50,50,0.919,0.2636,15-24:1,,714087.021
250,1,50,50,0.919,0.2636,di-16:0,,360243.233
250,1,50,50,0.919,0.2636,26:0,,239682.215
250,1,51,51,0.919,0.21,14:0,,181396.073
250,1,51,51,0.919,0.21,15:0,,289409.355
250,1,51,51,0.919,0.21,16:0,,24677873.403
250,1,51,51,0.919,0.21,9-16:1,,9473282.34
250,1,51,51,0.919,0.21,17:0,0.05008,11854839.975
250,1,51,51,0.919,0.21,"7,10-16:2",,721681.143
250,1,51,51,0.919,0.21,18:0,,2285722.852
250,1,51,51,0.919,0.21,11-Me-12-18:1,,7991961.217
250,1,51,51,0.919,0.21,9-18:1,,7351299.364
250,1,51,51,0.919,0.21,11-18:1,,6799015.677
250,1,51,51,0.919,0.21,"9,12-18:2",,40672524.434
250,1,51,51,0.919,0.21,"12,15-18:2",,215608.082
250,1,51,51,0.919,0.21,20:0,,1097938.659
250,1,51,51,0.919,0.21,"9,12,15-18:3",,33471619.754
250,1,51,51,0.919,0.21,22:0,,878829.479
250,1,51,51,0.919,0.21,23:0,,60232.057
250,1,51,51,0.919,0.21,24:0,,1773978.211
250,1,51,51,0.919,0.21,15-24:1,,395036.753
250,1,51,51,0.919,0.21,di-16:0,,180762.346
250,1,51,51,0.919,0.21,26:0,,156522.757
250,1,52,52,0.919,0.2473,14:0,,286918.306
250,1,52,52,0.919,0.2473,15:0,,376540.284
250,1,52,52,0.919,0.2473,16:0,,31655643.547
250,1,52,52,0.919,0.2473,9-16:1,,9166721.979
250,1,52,52,0.919,0.2473,17:0,0.05008,13704100.853
250,1,52,52,0.919,0.2473,"7,10-16:2",,1156905.619
250,1,52,52,0.919,0.2473,18:0,,3507321.259
250,1,52,52,0.919,0.2473,11-Me-12-18:1,,11318375.712
250,1,52,52,0.919,0.2473,9-18:1,,3574409.2
250,1,52,52,0.919,0.2473,11-18:1,,7618863.74
250,1,52,52,0.919,0.2473,"9,12-18:2",,49034349.494
250,1,52,52,0.919,0.2473,"12,15-18:2",,645895.411
250,1,52,52,0.919,0.2473,20:0,,2298530.787
250,1,52,52,0.919,0.2473,"9,12,15-18:3",,50211073.825
250,1,52,52,0.919,0.2473,22:0,,1633130.493
250,1,52,52,0.919,0.2473,23:0,,90106.311
250,1,52,52,0.919,0.2473,24:0,,2771346.208
250,1,52,52,0.919,0.2473,15-24:1,,397354.676
250,1,52,52,0.919,0.2473,di-16:0,,263578.666
250,1,52,52,0.919,0.2473,26:0,,114270.327
250,1,53,53,0.919,0.3094,14:0,,400419.312
250,1,53,53,0.919,0.3094,15:0,,546907.201
250,1,53,53,0.919,0.3094,16:0,,43719717.688
250,1,53,53,0.919,0.3094,9-16:1,,14606670.766
250,1,53,53,0.919,0.3094,17:0,0.05008,13477666.995
250,1,53,53,0.919,0.3094,"7,10-16:2",,1620076.401
250,1,53,53,0.919,0.3094,18:0,,5504410.444
250,1,53,53,0.919,0.3094,11-Me-12-18:1,,14975563.003
250,1,53,53,0.919,0.3094,9-18:1,,5053330.049
250,1,53,53,0.919,0.3094,11-18:1,,11117943.111
250,1,53,53,0.919,0.3094,"9,12-18:2",,64007641.739
250,1,53,53,0.919,0.3094,"12,15-18:2",,1073794.637
250,1,53,53,0.919,0.3094,20:0,,4442732.637
250,1,53,53,0.919,0.3094,"9,12,15-18:3",,70952392.158
250,1,53,53,0.919,0.3094,22:0,,3072147.247
250,1,53,53,0.919,0.3094,23:0,,176811.993
250,1,53,53,0.919,0.3094,24:0,,4315384.128
250,1,53,53,0.919,0.3094,15-24:1,,739557.152
250,1,53,53,0.919,0.3094,di-16:0,,860743.136
250,1,53,53,0.919,0.3094,26:0,,210935.738
250,1,54,54,0.919,0.1933,14:0,,230810.527
250,1,54,54,0.919,0.1933,15:0,,241446.581
250,1,54,54,0.919,0.1933,16:0,,25094428.7
250,1,54,54,0.919,0.1933,9-16:1,,8167031.723
250,1,54,54,0.919,0.1933,17:0,0.05008,11787981.653
250,1,54,54,0.919,0.1933,"7,10-16:2",,928718.294
250,1,54,54,0.919,0.1933,18:0,,2419741.989
250,1,54,54,0.919,0.1933,11-Me-12-18:1,,6726391.192
250,1,54,54,0.919,0.1933,9-18:1,,2960968.046
250,1,54,54,0.919,0.1933,11-18:1,,7742330.522
250,1,54,54,0.919,0.1933,"9,12-18:2",,43255237.194
250,1,54,54,0.919,0.1933,"12,15-18:2",,515437.327
250,1,54,54,0.919,0.1933,20:0,,1864549.678
250,1,54,54,0.919,0.1933,"9,12,15-18:3",,36461673.753
250,1,54,54,0.919,0.1933,22:0,,1319114.412
250,1,54,54,0.919,0.1933,23:0,,65191.421
250,1,54,54,0.919,0.1933,24:0,,2223916.596
250,1,54,54,0.919,0.1933,15-24:1,,455010.438
250,1,54,54,0.919,0.1933,di-16:0,,91823.403
250,1,54,54,0.919,0.1933,26:0,,159151.63
250,5,88,25,0.896,0.0939,14:0,,85324.225
250,5,88,25,0.896,0.0939,15:0,,119516.311
250,5,88,25,0.896,0.0939,16:0,,10443836.215
250,5,88,25,0.896,0.0939,9-16:1,,3972611.865
250,5,88,25,0.896,0.0939,17:0,0.05008,17330328.382
250,5,88,25,0.896,0.0939,"7,10-16:2",,259421.053
250,5,88,25,0.896,0.0939,18:0,,1634513.793
250,5,88,25,0.896,0.0939,11-Me-12-18:1,,3514834.759
250,5,88,25,0.896,0.0939,9-18:1,,2861511.834
250,5,88,25,0.896,0.0939,11-18:1,,4702927.329
250,5,88,25,0.896,0.0939,"9,12-18:2",,19749927.133
250,5,88,25,0.896,0.0939,"12,15-18:2",,293459.952
250,5,88,25,0.896,0.0939,20:0,,1034222.005
250,5,88,25,0.896,0.0939,"9,12,15-18:3",,16361334.231
250,5,88,25,0.896,0.0939,22:0,,534744.496
250,5,88,25,0.896,0.0939,23:0,,39319.341
250,5,88,25,0.896,0.0939,24:0,,658181.112
250,5,88,25,0.896,0.0939,15-24:1,,186323.138
250,5,88,25,0.896,0.0939,di-16:0,,115415.667
250,5,88,25,0.896,0.0939,26:0,,80369.9
250,5,89,26,0.896,0.1591,14:0,,206047.163
250,5,89,26,0.896,0.1591,15:0,,315391.868
250,5,89,26,0.896,0.1591,16:0,,21043919.173
250,5,89,26,0.896,0.1591,9-16:1,,9344699.447
250,5,89,26,0.896,0.1591,17:0,0.05008,18038184.999
250,5,89,26,0.896,0.1591,"7,10-16:2",,598645.01
250,5,89,26,0.896,0.1591,18:0,,3755255.809
250,5,89,26,0.896,0.1591,11-Me-12-18:1,,7319108.291
250,5,89,26,0.896,0.1591,9-18:1,,5081727.0
250,5,89,26,0.896,0.1591,11-18:1,,9939551.858
250,5,89,26,0.896,0.1591,"9,12-18:2",,36642983.749
250,5,89,26,0.896,0.1591,"12,15-18:2",,548744.317
250,5,89,26,0.896,0.1591,20:0,,2044693.115
250,5,89,26,0.896,0.1591,"9,12,15-18:3",,34757042.627
250,5,89,26,0.896,0.1591,22:0,,1214095.008
250,5,89,26,0.896,0.1591,23:0,,42340.72
250,5,89,26,0.896,0.1591,24:0,,1295375.042
250,5,89,26,0.896,0.1591,15-24:1,,357166.983
250,5,89,26,0.896,0.1591,di-16:0,,213922.029
250,5,89,26,0.896,0.1591,26:0,,110700.138
250,5,90,27,0.896,0.1853,14:0,,216861.116
250,5,90,27,0.896,0.1853,15:0,,258269.693
250,5,90,27,0.896,0.1853,16:0,,25520258.073
250,5,90,27,0.896,0.1853,9-16:1,,11480062.276
250,5,90,27,0.896,0.1853,17:0,0.05008,18699533.254
250,5,90,27,0.896,0.1853,"7,10-16:2",,862854.448
250,5,90,27,0.896,0.1853,18:0,,3745507.962
250,5,90,27,0.896,0.1853,11-Me-12-18:1,,8046157.83
250,5,90,27,0.896,0.1853,9-18:1,,4959128.994
250,5,90,27,0.896,0.1853,11-18:1,,12262890.983
250,5,90,27,0.896,0.1853,"9,12-18:2",,32319862.679
250,5,90,27,0.896,0.1853,"12,15-18:2",,577419.507
250,5,90,27,0.896,0.1853,20:0,,2393001.053
250,5,90,27,0.896,0.1853,"9,12,15-18:3",,42441761.506
250,5,90,27,0.896,0.1853,22:0,,1037039.059
250,5,90,27,0.896,0.1853,23:0,,97672.134
250,5,90,27,0.896,0.1853,24:0,,1436526.132
250,5,90,27,0.896,0.1853,15-24:1,,391505.482
250,5,90,27,0.896,0.1853,di-16:0,,132262.995
250,5,90,27,0.896,0.1853,26:0,,69030.587
250,5,85,61,0.896,0.2432,14:0,,220824.45
250,5,85,61,0.896,0.2432,15:0,,246087.465
250,5,85,61,0.896,0.2432,16:0,,17039861.529
250,5,85,61,0.896,0.2432,9-16:1,,7629805.335
250,5,85,61,0.896,0.2432,17:0,0.05008,12421922.188
250,5,85,61,0.896,0.2432,"7,10-16:2",,505973.679
250,5,85,61,0.896,0.2432,18:0,,2755640.938
250,5,85,61,0.896,0.2432,11-Me-12-18:1,,7628040.514
250,5,85,61,0.896,0.2432,9-18:1,,5253014.236
250,5,85,61,0.896,0.2432,11-18:1,,7395206.87
250,5,85,61,0.896,0.2432,"9,12-18:2",,31452439.181
250,5,85,61,0.896,0.2432,"12,15-18:2",,696341.045
250,5,85,61,0.896,0.2432,20:0,,1279846.444
250,5,85,61,0.896,0.2432,"9,12,15-18:3",,25100582.85
250,5,85,61,0.896,0.2432,22:0,,596339.664
250,5,85,61,0.896,0.2432,23:0,,59256.273
250,5,85,61,0.896,0.2432,24:0,,1260903.417
250,5,85,61,0.896,0.2432,15-24:1,,322245.516
250,5,85,61,0.896,0.2432,di-16:0,,99762.787
250,5,85,61,0.896,0.2432,26:0,,79722.116
250,5,86,62,0.896,0.1948,14:0,,233454.457
250,5,86,62,0.896,0.1948,15:0,,180127.263
250,5,86,62,0.896,0.1948,16:0,,17920173.969
250,5,86,62,0.896,0.1948,9-16:1,,8990401.511
250,5,86,62,0.896,0.1948,17:0,0.05008,12583421.47
250,5,86,62,0.896,0.1948,"7,10-16:2",,503067.001
250,5,86,62,0.896,0.1948,18:0,,2767057.439
250,5,86,62,0.896,0.1948,11-Me-12-18:1,,8974407.87
250,5,86,62,0.896,0.1948,9-18:1,,5576103.953
250,5,86,62,0.896,0.1948,11-18:1,,7239998.848
250,5,86,62,0.896,0.1948,"9,12-18:2",,35143858.328
250,5,86,62,0.896,0.1948,"12,15-18:2",,872240.515
250,5,86,62,0.896,0.1948,20:0,,1600163.026
250,5,86,62,0.896,0.1948,"9,12,15-18:3",,25268574.12
250,5,86,62,0.896,0.1948,22:0,,1410724.064
250,5,86,62,0.896,0.1948,23:0,,72046.012
250,5,86,62,0.896,0.1948,24:0,,1599835.22
250,5,86,62,0.896,0.1948,15-24:1,,365270.314
250,5,86,62,0.896,0.1948,di-16:0,,116362.501
250,5,86,62,0.896,0.1948,26:0,,116120.835
250,5,87,63,0.896,0.2262,14:0,,262367.654
250,5,87,63,0.896,0.2262,15:0,,81195.859
250,5,87,63,0.896,0.2262,16:0,,24405567.613
250,5,87,63,0.896,0.2262,9-16:1,,15332360.692
250,5,87,63,0.896,0.2262,17:0,0.05008,13599284.127
250,5,87,63,0.896,0.2262,"7,10-16:2",,1037360.6
250,5,87,63,0.896,0.2262,18:0,,4128941.708
250,5,87,63,0.896,0.2262,11-Me-12-18:1,,11620210.962
250,5,87,63,0.896,0.2262,9-18:1,,4447302.098
250,5,87,63,0.896,0.2262,11-18:1,,9793786.333
250,5,87,63,0.896,0.2262,"9,12-18:2",,40670590.206
250,5,87,63,0.896,0.2262,"12,15-18:2",,966846.394
250,5,87,63,0.896,0.2262,20:0,,1505138.119
250,5,87,63,0.896,0.2262,"9,12,15-18:3",,30772554.135
250,5,87,63,0.896,0.2262,22:0,,914101.419
250,5,87,63,0.896,0.2262,23:0,,120507.467
250,5,87,63,0.896,0.2262,24:0,,1858013.081
250,5,87,63,0.896,0.2262,15-24:1,,282078.143
250,5,87,63,0.896,0.2262,di-16:0,,340592.841
250,5,87,63,0.896,0.2262,26:0,,102781.107
500,1,55,55,0.913,0.2265,14:0,,202763.135
500,1,55,55,0.913,0.2265,15:0,,355791.861
500,1,55,55,0.913,0.2265,16:0,,26342788.56
500,1,55,55,0.913,0.2265,9-16:1,,8837119.752
500,1,55,55,0.913,0.2265,17:0,0.05008,11361107.827
500,1,55,55,0.913,0.2265,"7,10-16:2",,958258.876
500,1,55,55,0.913,0.2265,18:0,,2139326.159
500,1,55,55,0.913,0.2265,11-Me-12-18:1,,7459331.953
500,1,55,55,0.913,0.2265,9-18:1,,5550103.031
500,1,55,55,0.913,0.2265,11-18:1,,8785480.535
500,1,55,55,0.913,0.2265,"9,12-18:2",,42135412.25
500,1,55,55,0.913,0.2265,"12,15-18:2",,194055.045
500,1,55,55,0.913,0.2265,20:0,,1438586.528
500,1,55,55,0.913,0.2265,"9,12,15-18:3",,40414859.347
500,1,55,55,0.913,0.2265,22:0,,1204335.036
500,1,55,55,0.913,0.2265,23:0,,63108.593
500,1,55,55,0.913,0.2265,24:0,,2228390.266
500,1,55,55,0.913,0.2265,15-24:1,,391170.25
500,1,55,55,0.913,0.2265,di-16:0,,128244.038
500,1,55,55,0.913,0.2265,26:0,,68314.639
500,1,56,56,0.913,0.221,14:0,,211892.767
500,1,56,56,0.913,0.221,15:0,,313259.595
500,1,56,56,0.913,0.221,16:0,,27226820.765
500,1,56,56,0.913,0.221,9-16:1,,8634826.795
500,1,56,56,0.913,0.221,17:0,0.05008,11943679.627
500,1,56,56,0.913,0.221,"7,10-16:2",,1309129.753
500,1,56,56,0.913,0.221,18:0,,3114601.12
500,1,56,56,0.913,0.221,11-Me-12-18:1,,8793898.655
500,1,56,56,0.913,0.221,9-18:1,,3442097.999
500,1,56,56,0.913,0.221,11-18:1,,7281294.885
500,1,56,56,0.913,0.221,"9,12-18:2",,44676230.549
500,1,56,56,0.913,0.221,"12,15-18:2",,436977.825
500,1,56,56,0.913,0.221,20:0,,2219350.799
500,1,56,56,0.913,0.221,"9,12,15-18:3",,41301398.978
500,1,56,56,0.913,0.221,22:0,,1451553.649
500,1,56,56,0.913,0.221,23:0,,118674.15
500,1,56,56,0.913,0.221,24:0,,2302305.089
500,1,56,56,0.913,0.221,15-24:1,,440397.323
500,1,56,56,0.913,0.221,di-16:0,,294816.163
500,1,56,56,0.913,0.221,26:0,,104692.44
500,1,57,57,0.913,0.2758,14:0,,201715.884
500,1,57,57,0.913,0.2758,15:0,,350267.687
500,1,57,57,0.913,0.2758,16:0,,35459063.455
500,1,57,57,0.913,0.2758,9-16:1,,10661542.347
500,1,57,57,0.913,0.2758,17:0,0.05008,11660134.264
500,1,57,57,0.913,0.2758,"7,10-16:2",,1420091.799
500,1,57,57,0.913,0.2758,18:0,,3207236.592
500,1,57,57,0.913,0.2758,11-Me-12-18:1,,9587985.184
500,1,57,57,0.913,0.2758,9-18:1,,3706971.67
500,1,57,57,0.913,0.2758,11-18:1,,8876555.26
500,1,57,57,0.913,0.2758,"9,12-18:2",,55934999.983
500,1,57,57,0.913,0.2758,"12,15-18:2",,404268.247
500,1,57,57,0.913,0.2758,20:0,,2162949.648
500,1,57,57,0.913,0.2758,"9,12,15-18:3",,53656091.357
500,1,57,57,0.913,0.2758,22:0,,1368250.881
500,1,57,57,0.913,0.2758,23:0,,162373.072
500,1,57,57,0.913,0.2758,24:0,,2359213.434
500,1,57,57,0.913,0.2758,15-24:1,,502983.456
500,1,57,57,0.913,0.2758,di-16:0,,187402.305
500,1,57,57,0.913,0.2758,26:0,,70372.904
500,1,58,58,0.913,0.2414,14:0,,236801.143
500,1,58,58,0.913,0.2414,15:0,,314041.109
500,1,58,58,0.913,0.2414,16:0,,26940182.16
500,1,58,58,0.913,0.2414,9-16:1,,11257068.123
500,1,58,58,0.913,0.2414,17:0,0.05008,12002291.917
500,1,58,58,0.913,0.2414,"7,10-16:2",,918363.311
500,1,58,58,0.913,0.2414,18:0,,2537318.894
500,1,58,58,0.913,0.2414,11-Me-12-18:1,,13683939.064
500,1,58,58,0.913,0.2414,9-18:1,,6794298.98
500,1,58,58,0.913,0.2414,11-18:1,,9927637.291
500,1,58,58,0.913,0.2414,"9,12-18:2",,36457129.677
500,1,58,58,0.913,0.2414,"12,15-18:2",,218717.948
500,1,58,58,0.913,0.2414,20:0,,1505110.066
500,1,58,58,0.913,0.2414,"9,12,15-18:3",,40819555.249
500,1,58,58,0.913,0.2414,22:0,,1846637.293
500,1,58,58,0.913,0.2414,23:0,,55830.368
500,1,58,58,0.913,0.2414,24:0,,3768501.253
500,1,58,58,0.913,0.2414,15-24:1,,461724.896
500,1,58,58,0.913,0.2414,di-16:0,,160880.794
500,1,58,58,0.913,0.2414,26:0,,127208.845
500,1,59,59,0.913,0.2304,14:0,,179080.12
500,1,59,59,0.913,0.2304,15:0,,281615.903
500,1,59,59,0.913,0.2304,16:0,,26221954.008
500,1,59,59,0.913,0.2304,9-16:1,,11105185.545
500,1,59,59,0.913,0.2304,17:0,0.05008,12514804.84
500,1,59,59,0.913,0.2304,"7,10-16:2",,1017945.253
500,1,59,59,0.913,0.2304,18:0,,2674001.374
500,1,59,59,0.913,0.2304,11-Me-12-18:1,,9967113.524
500,1,59,59,0.913,0.2304,9-18:1,,6986924.96
500,1,59,59,0.913,0.2304,11-18:1,,9654180.272
500,1,59,59,0.913,0.2304,"9,12-18:2",,40473997.72
500,1,59,59,0.913,0.2304,"12,15-18:2",,292170.702
500,1,59,59,0.913,0.2304,20:0,,1879317.318
500,1,59,59,0.913,0.2304,"9,12,15-18:3",,33518580.32
500,1,59,59,0.913,0.2304,22:0,,2113622.518
500,1,59,59,0.913,0.2304,23:0,,63257.291
500,1,59,59,0.913,0.2304,24:0,,2571943.552
500,1,59,59,0.913,0.2304,15-24:1,,639342.278
500,1,59,59,0.913,0.2304,di-16:0,,99141.722
500,1,59,59,0.913,0.2304,26:0,,201965.424
500,1,60,60,0.913,0.284,14:0,,323430.605
500,1,60,60,0.913,0.284,15:0,,247154.839
500,1,60,60,0.913,0.284,16:0,,32513988.901
500,1,60,60,0.913,0.284,9-16:1,,13366173.026
500,1,60,60,0.913,0.284,17:0,0.05008,11851222.855
500,1,60,60,0.913,0.284,"7,10-16:2",,1430671.141
500,1,60,60,0.913,0.284,18:0,,4541711.006
500,1,60,60,0.913,0.284,11-Me-12-18:1,,12146498.773
500,1,60,60,0.913,0.284,9-18:1,,8013919.384
500,1,60,60,0.913,0.284,11-18:1,,11190238.763
500,1,60,60,0.913,0.284,"9,12-18:2",,45323757.162
500,1,60,60,0.913,0.284,"12,15-18:2",,479621.948
500,1,60,60,0.913,0.284,20:0,,3213704.527
500,1,60,60,0.913,0.284,"9,12,15-18:3",,48948548.449
500,1,60,60,0.913,0.284,22:0,,1658632.566
500,1,60,60,0.913,0.284,23:0,,122821.201
500,1,60,60,0.913,0.284,24:0,,2955832.053
500,1,60,60,0.913,0.284,15-24:1,,679220.449
500,1,60,60,0.913,0.284,di-16:0,,254605.01
500,1,60,60,0.913,0.284,26:0,,154294.9
500,5,91,28,0.89,0.1598,14:0,,160093.728
500,5,91,28,0.89,0.1598,15:0,,348344.256
500,5,91,28,0.89,0.1598,16:0,,19676804.805
500,5,91,28,0.89,0.1598,9-16:1,,12529910.933
500,5,91,28,0.89,0.1598,17:0,0.05008,20120136.156
500,5,91,28,0.89,0.1598,"7,10-16:2",,623419.946
500,5,91,28,0.89,0.1598,18:0,,2176738.668
500,5,91,28,0.89,0.1598,11-Me-12-18:1,,8866749.396
500,5,91,28,0.89,0.1598,9-18:1,,11621600.098
500,5,91,28,0.89,0.1598,11-18:1,,13452884.438
500,5,91,28,0.89,0.1598,"9,12-18:2",,43447038.477
500,5,91,28,0.89,0.1598,"12,15-18:2",,689269.699
500,5,91,28,0.89,0.1598,20:0,,1086838.92
500,5,91,28,0.89,0.1598,"9,12,15-18:3",,23295146.046
500,5,91,28,0.89,0.1598,22:0,,536782.421
500,5,91,28,0.89,0.1598,23:0,,87479.993
500,5,91,28,0.89,0.1598,24:0,,1135412.267
500,5,91,28,0.89,0.1598,15-24:1,,258371.036
500,5,91,28,0.89,0.1598,di-16:0,,151586.782
500,5,91,28,0.89,0.1598,26:0,,45497.832
500,5,92,29,0.89,0.1476,14:0,,215436.275
500,5,92,29,0.89,0.1476,15:0,,252514.966
500,5,92,29,0.89,0.1476,16:0,,24636429.758
500,5,92,29,0.89,0.1476,9-16:1,,11624651.235
500,5,92,29,0.89,0.1476,17:0,0.05008,20012519.913
500,5,92,29,0.89,0.1476,"7,10-16:2",,452456.351
500,5,92,29,0.89,0.1476,18:0,,2691200.689
500,5,92,29,0.89,0.1476,11-Me-12-18:1,,9718269.091
500,5,92,29,0.89,0.1476,9-18:1,,12301442.421
500,5,92,29,0.89,0.1476,11-18:1,,10627784.032
500,5,92,29,0.89,0.1476,"9,12-18:2",,56964899.879
500,5,92,29,0.89,0.1476,"12,15-18:2",,408674.749
500,5,92,29,0.89,0.1476,20:0,,1288613.548
500,5,92,29,0.89,0.1476,"9,12,15-18:3",,24368106.287
500,5,92,29,0.89,0.1476,22:0,,796791.477
500,5,92,29,0.89,0.1476,23:0,,56270.642
500,5,92,29,0.89,0.1476,24:0,,1748918.179
500,5,92,29,0.89,0.1476,15-24:1,,243337.665
500,5,92,29,0.89,0.1476,di-16:0,,180976.844
500,5,92,29,0.89,0.1476,26:0,,147330.162
500,5,93,30,0.89,0.1541,14:0,,187921.61
500,5,93,30,0.89,0.1541,15:0,,326309.457
500,5,93,30,0.89,0.1541,16:0,,23015468.704
500,5,93,30,0.89,0.1541,9-16:1,,10943468.111
500,5,93,30,0.89,0.1541,17:0,0.05008,18448226.919
500,5,93,30,0.89,0.1541,"7,10-16:2",,479174.819
500,5,93,30,0.89,0.1541,18:0,,2643258.915
500,5,93,30,0.89,0.1541,11-Me-12-18:1,,9496770.197
500,5,93,30,0.89,0.1541,9-18:1,,11608473.534
500,5,93,30,0.89,0.1541,11-18:1,,10265149.815
500,5,93,30,0.89,0.1541,"9,12-18:2",,53070343.3
500,5,93,30,0.89,0.1541,"12,15-18:2",,397966.089
500,5,93,30,0.89,0.1541,20:0,,1382034.879
500,5,93,30,0.89,0.1541,"9,12,15-18:3",,22580094.459
500,5,93,30,0.89,0.1541,22:0,,666019.571
500,5,93,30,0.89,0.1541,23:0,,90546.402
500,5,93,30,0.89,0.1541,24:0,,1599106.826
500,5,93,30,0.89,0.1541,15-24:1,,275545.683
500,5,93,30,0.89,0.1541,di-16:0,,137423.584
500,5,93,30,0.89,0.1541,26:0,,147435.533
500,5,94,64,0.89,0.2182,14:0,,255261.56
500,5,94,64,0.89,0.2182,15:0,,290012.855
500,5,94,64,0.89,0.2182,16:0,,22730070.63
500,5,94,64,0.89,0.2182,9-16:1,,12829280.647
500,5,94,64,0.89,0.2182,17:0,0.05008,13562342.025
500,5,94,64,0.89,0.2182,"7,10-16:2",,598582.308
500,5,94,64,0.89,0.2182,18:0,,2401099.951
500,5,94,64,0.89,0.2182,11-Me-12-18:1,,7258830.432
500,5,94,64,0.89,0.2182,9-18:1,,16351927.284
500,5,94,64,0.89,0.2182,11-18:1,,12854280.157
500,5,94,64,0.89,0.2182,"9,12-18:2",,51949467.415
500,5,94,64,0.89,0.2182,"12,15-18:2",,954979.915
500,5,94,64,0.89,0.2182,20:0,,3177066.5
500,5,94,64,0.89,0.2182,"9,12,15-18:3",,22262429.692
500,5,94,64,0.89,0.2182,22:0,,1929405.084
500,5,94,64,0.89,0.2182,23:0,,97756.746
500,5,94,64,0.89,0.2182,24:0,,1650787.433
500,5,94,64,0.89,0.2182,15-24:1,,387855.936
500,5,94,64,0.89,0.2182,di-16:0,,224463.817
500,5,94,64,0.89,0.2182,26:0,,83380.677
500,5,95,65,0.89,0.2134,14:0,,284533.372
500,5,95,65,0.89,0.2134,15:0,,352111.12
500,5,95,65,0.89,0.2134,16:0,,26181873.072
500,5,95,65,0.89,0.2134,9-16:1,,13135052.668
500,5,95,65,0.89,0.2134,17:0,0.05008,13456332.177
500,5,95,65,0.89,0.2134,"7,10-16:2",,859325.755
500,5,95,65,0.89,0.2134,18:0,,4179284.271
500,5,95,65,0.89,0.2134,11-Me-12-18:1,,13575797.024
500,5,95,65,0.89,0.2134,9-18:1,,8431069.409
500,5,95,65,0.89,0.2134,11-18:1,,11199045.107
500,5,95,65,0.89,0.2134,"9,12-18:2",,57372728.604
500,5,95,65,0.89,0.2134,"12,15-18:2",,684965.595
500,5,95,65,0.89,0.2134,20:0,,3009522.818
500,5,95,65,0.89,0.2134,"9,12,15-18:3",,32073049.046
500,5,95,65,0.89,0.2134,22:0,,1386545.559
500,5,95,65,0.89,0.2134,23:0,,81949.626
500,5,95,65,0.89,0.2134,24:0,,2177519.491
500,5,95,65,0.89,0.2134,15-24:1,,501627.378
500,5,95,65,0.89,0.2134,di-16:0,,401653.918
500,5,95,65,0.89,0.2134,26:0,,99036.41
500,5,96,66,0.89,0.244,14:0,,438189.04
500,5,96,66,0.89,0.244,15:0,,60513.765
500,5,96,66,0.89,0.244,16:0,,34203138.727
500,5,96,66,0.89,0.244,9-16:1,,17397590.401
500,5,96,66,0.89,0.244,17:0,0.05008,13807546.033
500,5,96,66,0.89,0.244,"7,10-16:2",,832976.746
500,5,96,66,0.89,0.244,18:0,,3680671.784
500,5,96,66,0.89,0.244,11-Me-12-18:1,,12206431.504
500,5,96,66,0.89,0.244,9-18:1,,22140601.654
500,5,96,66,0.89,0.244,11-18:1,,21773618.199
500,5,96,66,0.89,0.244,"9,12-18:2",,77990416.498
500,5,96,66,0.89,0.244,"12,15-18:2",,750533.643
500,5,96,66,0.89,0.244,20:0,,3123365.656
500,5,96,66,0.89,0.244,"9,12,15-18:3",,38784925.512
500,5,96,66,0.89,0.244,22:0,,1757514.887
500,5,96,66,0.89,0.244,23:0,,76845.73
500,5,96,66,0.89,0.244,24:0,,2332554.939
500,5,96,66,0.89,0.244,15-24:1,,590718.251
500,5,96,66,0.89,0.244,di-16:0,,241862.497
500,5,96,66,0.89,0.244,26:0,,252821.364
750,1,61,61,0.92,0.1483,14:0,,118284.996
750,1,61,61,0.92,0.1483,15:0,,211161.246
750,1,61,61,0.92,0.1483,16:0,,16411305.026
750,1,61,61,0.92,0.1483,9-16:1,,8426300.403
750,1,61,61,0.92,0.1483,17:0,0.05008,10794371.502
750,1,61,61,0.92,0.1483,"7,10-16:2",,867431.544
750,1,61,61,0.92,0.1483,18:0,,3174904.357
750,1,61,61,0.92,0.1483,11-Me-12-18:1,,6900819.358
750,1,61,61,0.92,0.1483,9-18:1,,4604538.346
750,1,61,61,0.92,0.1483,11-18:1,,5270895.689
750,1,61,61,0.92,0.1483,"9,12-18:2",,21882892.223
750,1,61,61,0.92,0.1483,"12,15-18:2",,648909.805
750,1,61,61,0.92,0.1483,20:0,,1692008.004
750,1,61,61,0.92,0.1483,"9,12,15-18:3",,22222416.4
750,1,61,61,0.92,0.1483,22:0,,1300396.567
750,1,61,61,0.92,0.1483,23:0,,56254.821
750,1,61,61,0.92,0.1483,24:0,,2724140.399
750,1,61,61,0.92,0.1483,15-24:1,,425190.907
750,1,61,61,0.92,0.1483,di-16:0,,256619.078
750,1,61,61,0.92,0.1483,26:0,,124085.223
750,1,62,62,0.92,0.1557,14:0,,166942.276
750,1,62,62,0.92,0.1557,15:0,,241393.414
750,1,62,62,0.92,0.1557,16:0,,21682098.534
750,1,62,62,0.92,0.1557,9-16:1,,10039754.19
750,1,62,62,0.92,0.1557,17:0,0.05008,12007351.377
750,1,62,62,0.92,0.1557,"7,10-16:2",,939958.388
750,1,62,62,0.92,0.1557,18:0,,3036391.807
750,1,62,62,0.92,0.1557,11-Me-12-18:1,,8297843.45
750,1,62,62,0.92,0.1557,9-18:1,,10792175.431
750,1,62,62,0.92,0.1557,11-18:1,,9328058.791
750,1,62,62,0.92,0.1557,"9,12-18:2",,31204889.931
750,1,62,62,0.92,0.1557,"12,15-18:2",,525844.339
750,1,62,62,0.92,0.1557,20:0,,2692117.369
750,1,62,62,0.92,0.1557,"9,12,15-18:3",,33694982.347
750,1,62,62,0.92,0.1557,22:0,,1416094.078
750,1,62,62,0.92,0.1557,23:0,,39808.443
750,1,62,62,0.92,0.1557,24:0,,2364232.774
750,1,62,62,0.92,0.1557,15-24:1,,537323.086
750,1,62,62,0.92,0.1557,di-16:0,,372283.086
750,1,62,62,0.92,0.1557,26:0,,108033.561
750,1,63,63,0.92,0.1259,14:0,,134866.842
750,1,63,63,0.92,0.1259,15:0,,185063.132
750,1,63,63,0.92,0.1259,16:0,,16927988.837
750,1,63,63,0.92,0.1259,9-16:1,,6667853.827
750,1,63,63,0.92,0.1259,17:0,0.05008,11946850.007
750,1,63,63,0.92,0.1259,"7,10-16:2",,536947.123
750,1,63,63,0.92,0.1259,18:0,,2516574.302
750,1,63,63,0.92,0.1259,11-Me-12-18:1,,5321425.964
750,1,63,63,0.92,0.1259,9-18:1,,8437435.833
750,1,63,63,0.92,0.1259,11-18:1,,7003454.746
750,1,63,63,0.92,0.1259,"9,12-18:2",,26793952.419
750,1,63,63,0.92,0.1259,"12,15-18:2",,408102.184
750,1,63,63,0.92,0.1259,20:0,,2197941.375
750,1,63,63,0.92,0.1259,"9,12,15-18:3",,25959684.685
750,1,63,63,0.92,0.1259,22:0,,1109488.552
750,1,63,63,0.92,0.1259,23:0,,16804.305
750,1,63,63,0.92,0.1259,24:0,,1835911.876
750,1,63,63,0.92,0.1259,15-24:1,,385543.364
750,1,63,63,0.92,0.1259,di-16:0,,324040.04
750,1,63,63,0.92,0.1259,26:0,,96114.335
750,1,64,64,0.92,0.2234,14:0,,267736.098
750,1,64,64,0.92,0.2234,15:0,,283094.697
750,1,64,64,0.92,0.2234,16:0,,26926196.845
750,1,64,64,0.92,0.2234,9-16:1,,11261094.39
750,1,64,64,0.92,0.2234,17:0,0.05008,11546078.903
750,1,64,64,0.92,0.2234,"7,10-16:2",,1383886.018
750,1,64,64,0.92,0.2234,18:0,,3866429.117
750,1,64,64,0.92,0.2234,11-Me-12-18:1,,12437507.93
750,1,64,64,0.92,0.2234,9-18:1,,8150180.934
750,1,64,64,0.92,0.2234,11-18:1,,7649248.491
750,1,64,64,0.92,0.2234,"9,12-18:2",,36602811.625
750,1,64,64,0.92,0.2234,"12,15-18:2",,610780.198
750,1,64,64,0.92,0.2234,20:0,,1670112.765
750,1,64,64,0.92,0.2234,"9,12,15-18:3",,41142457.152
750,1,64,64,0.92,0.2234,22:0,,1571512.742
750,1,64,64,0.92,0.2234,23:0,,72847.991
750,1,64,64,0.92,0.2234,24:0,,3542362.268
750,1,64,64,0.92,0.2234,15-24:1,,589456.803
750,1,64,64,0.92,0.2234,di-16:0,,326654.266
750,1,64,64,0.92,0.2234,26:0,,173668.507
750,1,65,65,0.92,0.1178,14:0,,125272.783
750,1,65,65,0.92,0.1178,15:0,,229429.898
750,1,65,65,0.92,0.1178,16:0,,17005482.079
750,1,65,65,0.92,0.1178,9-16:1,,7123994.283
750,1,65,65,0.92,0.1178,17:0,0.05008,11572676.595
750,1,65,65,0.92,0.1178,"7,10-16:2",,915955.323
750,1,65,65,0.92,0.1178,18:0,,2256775.249
750,1,65,65,0.92,0.1178,11-Me-12-18:1,,6633497.868
750,1,65,65,0.92,0.1178,9-18:1,,3777497.455
750,1,65,65,0.92,0.1178,11-18:1,,5756480.007
750,1,65,65,0.92,0.1178,"9,12-18:2",,26594515.16
750,1,65,65,0.92,0.1178,"12,15-18:2",,394501.334
750,1,65,65,0.92,0.1178,20:0,,1282092.122
750,1,65,65,0.92,0.1178,"9,12,15-18:3",,26304114.682
750,1,65,65,0.92,0.1178,22:0,,941710.217
750,1,65,65,0.92,0.1178,23:0,,45308.349
750,1,65,65,0.92,0.1178,24:0,,1440636.563
750,1,65,65,0.92,0.1178,15-24:1,,273483.832
750,1,65,65,0.92,0.1178,di-16:0,,113691.875
750,1,65,65,0.92,0.1178,26:0,,95139.648
750,1,66,66,0.92,0.2015,14:0,,286808.425
750,1,66,66,0.92,0.2015,15:0,,364931.213
750,1,66,66,0.92,0.2015,16:0,,29765435.904
750,1,66,66,0.92,0.2015,9-16:1,,13193614.084
750,1,66,66,0.92,0.2015,17:0,0.05008,12212540.672
750,1,66,66,0.92,0.2015,"7,10-16:2",,1620450.201
750,1,66,66,0.92,0.2015,18:0,,4034086.086
750,1,66,66,0.92,0.2015,11-Me-12-18:1,,10038923.667
750,1,66,66,0.92,0.2015,9-18:1,,7674518.194
750,1,66,66,0.92,0.2015,11-18:1,,12196448.171
750,1,66,66,0.92,0.2015,"9,12-18:2",,42683480.01
750,1,66,66,0.92,0.2015,"12,15-18:2",,784004.847
750,1,66,66,0.92,0.2015,20:0,,3371918.767
750,1,66,66,0.92,0.2015,"9,12,15-18:3",,46626991.543
750,1,66,66,0.92,0.2015,22:0,,2262137.845
750,1,66,66,0.92,0.2015,23:0,,98523.724
750,1,66,66,0.92,0.2015,24:0,,2219559.106
750,1,66,66,0.92,0.2015,15-24:1,,518403.961
750,1,66,66,0.92,0.2015,di-16:0,,658837.91
750,1,66,66,0.92,0.2015,26:0,,77436.943
750,5,100,31,0.892,0.1277,14:0,,111823.176
750,5,100,31,0.892,0.1277,15:0,,165803.912
750,5,100,31,0.892,0.1277,16:0,,14400658.276
750,5,100,31,0.892,0.1277,9-16:1,,7093195.973
750,5,100,31,0.892,0.1277,17:0,0.05008,18861751.589
750,5,100,31,0.892,0.1277,"7,10-16:2",,345473.83
750,5,100,31,0.892,0.1277,18:0,,2235027.324
750,5,100,31,0.892,0.1277,11-Me-12-18:1,,8949143.051
750,5,100,31,0.892,0.1277,9-18:1,,6270929.048
750,5,100,31,0.892,0.1277,11-18:1,,5183269.438
750,5,100,31,0.892,0.1277,"9,12-18:2",,32396161.888
750,5,100,31,0.892,0.1277,"12,15-18:2",,467725.434
750,5,100,31,0.892,0.1277,20:0,,841276.69
750,5,100,31,0.892,0.1277,"9,12,15-18:3",,13815806.211
750,5,100,31,0.892,0.1277,22:0,,632048.613
750,5,100,31,0.892,0.1277,23:0,,16006.281
750,5,100,31,0.892,0.1277,24:0,,1727223.372
750,5,100,31,0.892,0.1277,15-24:1,,253805.131
750,5,100,31,0.892,0.1277,di-16:0,,110721.988
750,5,100,31,0.892,0.1277,26:0,,151615.982
750,5,101,32,0.892,0.2426,14:0,,293054.722
750,5,101,32,0.892,0.2426,15:0,,393371.972
750,5,101,32,0.892,0.2426,16:0,,35352178.759
750,5,101,32,0.892,0.2426,9-16:1,,21130158.145
750,5,101,32,0.892,0.2426,17:0,0.05008,19306252.961
750,5,101,32,0.892,0.2426,"7,10-16:2",,658450.17
750,5,101,32,0.892,0.2426,18:0,,3610156.841
750,5,101,32,0.892,0.2426,11-Me-12-18:1,,19575591.366
750,5,101,32,0.892,0.2426,9-18:1,,42309940.594
750,5,101,32,0.892,0.2426,11-18:1,,17195359.847
750,5,101,32,0.892,0.2426,"9,12-18:2",,71330724.22
750,5,101,32,0.892,0.2426,"12,15-18:2",,1015927.609
750,5,101,32,0.892,0.2426,20:0,,1873341.2
750,5,101,32,0.892,0.2426,"9,12,15-18:3",,34277984.56
750,5,101,32,0.892,0.2426,22:0,,1849347.657
750,5,101,32,0.892,0.2426,23:0,,98892.491
750,5,101,32,0.892,0.2426,24:0,,2895666.418
750,5,101,32,0.892,0.2426,15-24:1,,553523.057
750,5,101,32,0.892,0.2426,di-16:0,,235146.991
750,5,101,32,0.892,0.2426,26:0,,247492.986
750,5,102,33,0.892,0.2446,14:0,,413820.449
750,5,102,33,0.892,0.2446,15:0,,75559.019
750,5,102,33,0.892,0.2446,16:0,,44573866.73
750,5,102,33,0.892,0.2446,9-16:1,,21502653.383
750,5,102,33,0.892,0.2446,17:0,0.05008,18899825.911
750,5,102,33,0.892,0.2446,"7,10-16:2",,1097272.149
750,5,102,33,0.892,0.2446,18:0,,5066290.519
750,5,102,33,0.892,0.2446,11-Me-12-18:1,,18363781.964
750,5,102,33,0.892,0.2446,9-18:1,,28898724.63
750,5,102,33,0.892,0.2446,11-18:1,,20551811.809
750,5,102,33,0.892,0.2446,"9,12-18:2",,91349652.798
750,5,102,33,0.892,0.2446,"12,15-18:2",,1467673.321
750,5,102,33,0.892,0.2446,20:0,,3160391.981
750,5,102,33,0.892,0.2446,"9,12,15-18:3",,50455110.656
750,5,102,33,0.892,0.2446,22:0,,2158898.026
750,5,102,33,0.892,0.2446,23:0,,124434.911
750,5,102,33,0.892,0.2446,24:0,,3342120.467
750,5,102,33,0.892,0.2446,15-24:1,,819309.042
750,5,102,33,0.892,0.2446,di-16:0,,337063.506
750,5,102,33,0.892,0.2446,26:0,,269729.057
750,5,97,67,0.892,0.1751,14:0,,103429.041
750,5,97,67,0.892,0.1751,15:0,,156266.47
750,5,97,67,0.892,0.1751,16:0,,15520549.411
750,5,97,67,0.892,0.1751,9-16:1,,8938562.375
750,5,97,67,0.892,0.1751,17:0,0.05008,13397609.167
750,5,97,67,0.892,0.1751,"7,10-16:2",,351975.795
750,5,97,67,0.892,0.1751,18:0,,2662577.27
750,5,97,67,0.892,0.1751,11-Me-12-18:1,,6027402.046
750,5,97,67,0.892,0.1751,9-18:1,,16784394.796
750,5,97,67,0.892,0.1751,11-18:1,,10435839.402
750,5,97,67,0.892,0.1751,"9,12-18:2",,36561943.065
750,5,97,67,0.892,0.1751,"12,15-18:2",,440639.124
750,5,97,67,0.892,0.1751,20:0,,1367965.173
750,5,97,67,0.892,0.1751,"9,12,15-18:3",,18635144.715
750,5,97,67,0.892,0.1751,22:0,,708122.285
750,5,97,67,0.892,0.1751,23:0,,43608.429
750,5,97,67,0.892,0.1751,24:0,,1424264.997
750,5,97,67,0.892,0.1751,15-24:1,,182747.828
750,5,97,67,0.892,0.1751,di-16:0,,196261.239
750,5,97,67,0.892,0.1751,26:0,,183171.81
750,5,98,68,0.892,0.1928,14:0,,164388.597
750,5,98,68,0.892,0.1928,15:0,,246865.023
750,5,98,68,0.892,0.1928,16:0,,18874735.807
750,5,98,68,0.892,0.1928,9-16:1,,11818322.931
750,5,98,68,0.892,0.1928,17:0,0.05008,14364236.998
750,5,98,68,0.892,0.1928,"7,10-16:2",,454289.157
750,5,98,68,0.892,0.1928,18:0,,2597075.103
750,5,98,68,0.892,0.1928,11-Me-12-18:1,,7098842.678
750,5,98,68,0.892,0.1928,9-18:1,,19915594.888
750,5,98,68,0.892,0.1928,11-18:1,,12117693.156
750,5,98,68,0.892,0.1928,"9,12-18:2",,45767938.191
750,5,98,68,0.892,0.1928,"12,15-18:2",,396747.568
750,5,98,68,0.892,0.1928,20:0,,2416105.586
750,5,98,68,0.892,0.1928,"9,12,15-18:3",,19740549.306
750,5,98,68,0.892,0.1928,22:0,,1252618.887
750,5,98,68,0.892,0.1928,23:0,,77837.701
750,5,98,68,0.892,0.1928,24:0,,1457213.951
750,5,98,68,0.892,0.1928,15-24:1,,370605.275
750,5,98,68,0.892,0.1928,di-16:0,,291329.915
750,5,98,68,0.892,0.1928,26:0,,90239.868
750,5,99,69,0.892,0.2485,14:0,,295734.184
750,5,99,69,0.892,0.2485,15:0,,394955.479
750,5,99,69,0.892,0.2485,16:0,,27118809.38
750,5,99,69,0.892,0.2485,9-16:1,,13531137.007
750,5,99,69,0.892,0.2485,17:0,0.05008,14282890.282
750,5,99,69,0.892,0.2485,"7,10-16:2",,766110.227
750,5,99,69,0.892,0.2485,18:0,,3527266.541
750,5,99,69,0.892,0.2485,11-Me-12-18:1,,9664310.273
750,5,99,69,0.892,0.2485,9-18:1,,19612857.703
750,5,99,69,0.892,0.2485,11-18:1,,13700284.862
750,5,99,69,0.892,0.2485,"9,12-18:2",,54582936.365
750,5,99,69,0.892,0.2485,"12,15-18:2",,1400836.273
750,5,99,69,0.892,0.2485,20:0,,2809847.081
750,5,99,69,0.892,0.2485,"9,12,15-18:3",,33921057.158
750,5,99,69,0.892,0.2485,22:0,,1933335.103
750,5,99,69,0.892,0.2485,23:0,,88040.918
750,5,99,69,0.892,0.2485,24:0,,2080091.19
750,5,99,69,0.892,0.2485,15-24:1,,497225.024
750,5,99,69,0.892,0.2485,di-16:0,,287421.028
750,5,99,69,0.892,0.2485,26:0,,253537.449
1000,1,67,67,0.925,0.1539,14:0,,282311.758
1000,1,67,67,0.925,0.1539,15:0,,284703.888
1000,1,67,67,0.925,0.1539,16:0,,25302680.42
1000,1,67,67,0.925,0.1539,9-16:1,,11950705.818
1000,1,67,67,0.925,0.1539,17:0,0.05008,11901789.431
1000,1,67,67,0.925,0.1539,"7,10-16:2",,1599879.176
1000,1,67,67,0.925,0.1539,18:0,,5237185.739
1000,1,67,67,0.925,0.1539,11-Me-12-18:1,,11499573.181
1000,1,67,67,0.925,0.1539,9-18:1,,6249260.464
1000,1,67,67,0.925,0.1539,11-18:1,,9466337.023
1000,1,67,67,0.925,0.1539,"9,12-18:2",,32372015.763
1000,1,67,67,0.925,0.1539,"12,15-18:2",,377724.508
1000,1,67,67,0.925,0.1539,20:0,,2434567.035
1000,1,67,67,0.925,0.1539,"9,12,15-18:3",,38449231.964
1000,1,67,67,0.925,0.1539,22:0,,1224944.578
1000,1,67,67,0.925,0.1539,23:0,,75040.737
1000,1,67,67,0.925,0.1539,24:0,,2638150.405
1000,1,67,67,0.925,0.1539,15-24:1,,465871.104
1000,1,67,67,0.925,0.1539,di-16:0,,266843.655
1000,1,67,67,0.925,0.1539,26:0,,111928.634
1000,1,68,68,0.925,0.1892,14:0,,286111.747
1000,1,68,68,0.925,0.1892,15:0,,294576.562
1000,1,68,68,0.925,0.1892,16:0,,26324553.52
1000,1,68,68,0.925,0.1892,9-16:1,,12162940.418
1000,1,68,68,0.925,0.1892,17:0,0.05008,13229195.878
1000,1,68,68,0.925,0.1892,"7,10-16:2",,1084589.512
1000,1,68,68,0.925,0.1892,18:0,,3942751.522
1000,1,68,68,0.925,0.1892,11-Me-12-18:1,,11099052.958
1000,1,68,68,0.925,0.1892,9-18:1,,12507420.919
1000,1,68,68,0.925,0.1892,11-18:1,,10689868.742
1000,1,68,68,0.925,0.1892,"9,12-18:2",,35569250.43
1000,1,68,68,0.925,0.1892,"12,15-18:2",,541904.589
1000,1,68,68,0.925,0.1892,20:0,,3265568.208
1000,1,68,68,0.925,0.1892,"9,12,15-18:3",,37258524.374
1000,1,68,68,0.925,0.1892,22:0,,2097189.034
1000,1,68,68,0.925,0.1892,23:0,,94690.671
1000,1,68,68,0.925,0.1892,24:0,,2830035.136
1000,1,68,68,0.925,0.1892,15-24:1,,724191.493
1000,1,68,68,0.925,0.1892,di-16:0,,457064.496
1000,1,68,68,0.925,0.1892,26:0,,216239.492
1000,1,69,69,0.925,0.3013,14:0,,274751.439
1000,1,69,69,0.925,0.3013,15:0,,338962.884
1000,1,69,69,0.925,0.3013,16:0,,31205186.407
1000,1,69,69,0.925,0.3013,9-16:1,,13062162.353
1000,1,69,69,0.925,0.3013,17:0,0.05008,13482516.225
1000,1,69,69,0.925,0.3013,"7,10-16:2",,1273773.759
1000,1,69,69,0.925,0.3013,18:0,,4256936.515
1000,1,69,69,0.925,0.3013,11-Me-12-18:1,,15428131.68
1000,1,69,69,0.925,0.3013,9-18:1,,10676766.119
1000,1,69,69,0.925,0.3013,11-18:1,,9533693.557
1000,1,69,69,0.925,0.3013,"9,12-18:2",,45481627.427
1000,1,69,69,0.925,0.3013,"12,15-18:2",,807404.138
1000,1,69,69,0.925,0.3013,20:0,,4068351.177
1000,1,69,69,0.925,0.3013,"9,12,15-18:3",,45007694.966
1000,1,69,69,0.925,0.3013,22:0,,3073114.836
1000,1,69,69,0.925,0.3013,23:0,,102832.205
1000,1,69,69,0.925,0.3013,24:0,,4370356.329
1000,1,69,69,0.925,0.3013,15-24:1,,1070761.458
1000,1,69,69,0.925,0.3013,di-16:0,,242511.078
1000,1,69,69,0.925,0.3013,26:0,,286695.45
1000,1,70,70,0.925,0.2338,14:0,,250502.44
1000,1,70,70,0.925,0.2338,15:0,,370217.48
1000,1,70,70,0.925,0.2338,16:0,,27698082.426
1000,1,70,70,0.925,0.2338,9-16:1,,13119994.181
1000,1,70,70,0.925,0.2338,17:0,0.05008,13351518.179
1000,1,70,70,0.925,0.2338,"7,10-16:2",,1276755.014
1000,1,70,70,0.925,0.2338,18:0,,3387633.958
1000,1,70,70,0.925,0.2338,11-Me-12-18:1,,13396703.186
1000,1,70,70,0.925,0.2338,9-18:1,,10053610.431
1000,1,70,70,0.925,0.2338,11-18:1,,9993556.614
1000,1,70,70,0.925,0.2338,"9,12-18:2",,45057461.978
1000,1,70,70,0.925,0.2338,"12,15-18:2",,476828.21
1000,1,70,70,0.925,0.2338,20:0,,2512989.802
1000,1,70,70,0.925,0.2338,"9,12,15-18:3",,35398046.437
1000,1,70,70,0.925,0.2338,22:0,,1903945.73
1000,1,70,70,0.925,0.2338,23:0,,80949.276
1000,1,70,70,0.925,0.2338,24:0,,3672249.866
1000,1,70,70,0.925,0.2338,15-24:1,,620393.535
1000,1,70,70,0.925,0.2338,di-16:0,,310188.95
1000,1,70,70,0.925,0.2338,26:0,,172023.979
1000,1,71,71,0.925,0.214,14:0,,220216.03
1000,1,71,71,0.925,0.214,15:0,,367197.864
1000,1,71,71,0.925,0.214,16:0,,31372751.976
1000,1,71,71,0.925,0.214,9-16:1,,11213881.362
1000,1,71,71,0.925,0.214,17:0,0.05008,13822618.395
1000,1,71,71,0.925,0.214,"7,10-16:2",,969618.19
1000,1,71,71,0.925,0.214,18:0,,3715804.75
1000,1,71,71,0.925,0.214,11-Me-12-18:1,,11415941.348
1000,1,71,71,0.925,0.214,9-18:1,,19947837.137
1000,1,71,71,0.925,0.214,11-18:1,,9783598.68
1000,1,71,71,0.925,0.214,"9,12-18:2",,51503187.551
1000,1,71,71,0.925,0.214,"12,15-18:2",,537657.598
1000,1,71,71,0.925,0.214,20:0,,2314136.897
1000,1,71,71,0.925,0.214,"9,12,15-18:3",,38457323.87
1000,1,71,71,0.925,0.214,22:0,,1953933.405
1000,1,71,71,0.925,0.214,23:0,,123205.811
1000,1,71,71,0.925,0.214,24:0,,4036859.497
1000,1,71,71,0.925,0.214,15-24:1,,662599.091
1000,1,71,71,0.925,0.214,di-16:0,,305601.752
1000,1,71,71,0.925,0.214,26:0,,162643.128
1000,1,72,72,0.925,0.22,14:0,,281542.534
1000,1,72,72,0.925,0.22,15:0,,171217.167
1000,1,72,72,0.925,0.22,16:0,,30257740.022
1000,1,72,72,0.925,0.22,9-16:1,,11816980.868
1000,1,72,72,0.925,0.22,17:0,0.05008,13209214.007
1000,1,72,72,0.925,0.22,"7,10-16:2",,1066579.262
1000,1,72,72,0.925,0.22,18:0,,4237513.554
1000,1,72,72,0.925,0.22,11-Me-12-18:1,,13873737.153
1000,1,72,72,0.925,0.22,9-18:1,,15462431.444
1000,1,72,72,0.925,0.22,11-18:1,,10910311.913
1000,1,72,72,0.925,0.22,"9,12-18:2",,46857874.065
1000,1,72,72,0.925,0.22,"12,15-18:2",,605806.866
1000,1,72,72,0.925,0.22,20:0,,3069327.207
1000,1,72,72,0.925,0.22,"9,12,15-18:3",,39962234.641
1000,1,72,72,0.925,0.22,22:0,,2147556.451
1000,1,72,72,0.925,0.22,23:0,,140342.198
1000,1,72,72,0.925,0.22,24:0,,3776425.449
1000,1,72,72,0.925,0.22,15-24:1,,695057.171
1000,1,72,72,0.925,0.22,di-16:0,,234584.206
1000,1,72,72,0.925,0.22,26:0,,190412.813
1000,5,103,34,0.89,0.1363,14:0,,0.0
1000,5,103,34,0.89,0.1363,15:0,,81534.313
1000,5,103,34,0.89,0.1363,16:0,,5136264.284
1000,5,103,34,0.89,0.1363,9-16:1,,2720413.091
1000,5,103,34,0.89,0.1363,17:0,0.05008,16401275.989
1000,5,103,34,0.89,0.1363,"7,10-16:2",,162248.77
1000,5,103,34,0.89,0.1363,18:0,,1032224.921
1000,5,103,34,0.89,0.1363,11-Me-12-18:1,,2684408.791
1000,5,103,34,0.89,0.1363,9-18:1,,4247062.881
1000,5,103,34,0.89,0.1363,11-18:1,,3995869.1
1000,5,103,34,0.89,0.1363,"9,12-18:2",,6783972.215
1000,5,103,34,0.89,0.1363,"12,15-18:2",,575986.616
1000,5,103,34,0.89,0.1363,20:0,,633344.305
1000,5,103,34,0.89,0.1363,"9,12,15-18:3",,5192839.717
1000,5,103,34,0.89,0.1363,22:0,,182097.178
1000,5,103,34,0.89,0.1363,23:0,,0.0
1000,5,103,34,0.89,0.1363,24:0,,466146.577
1000,5,103,34,0.89,0.1363,15-24:1,,52236.732
1000,5,103,34,0.89,0.1363,di-16:0,,56855.008
1000,5,103,34,0.89,0.1363,26:0,,0.0
1000,5,104,35,0.89,0.1046,14:0,,90602.448
1000,5,104,35,0.89,0.1046,15:0,,130062.114
1000,5,104,35,0.89,0.1046,16:0,,9376047.036
1000,5,104,35,0.89,0.1046,9-16:1,,5215420.853
1000,5,104,35,0.89,0.1046,17:0,0.05008,16808200.749
1000,5,104,35,0.89,0.1046,"7,10-16:2",,201120.589
1000,5,104,35,0.89,0.1046,18:0,,1389345.105
1000,5,104,35,0.89,0.1046,11-Me-12-18:1,,4167380.11
1000,5,104,35,0.89,0.1046,9-18:1,,17907359.22
1000,5,104,35,0.89,0.1046,11-18:1,,6643752.86
1000,5,104,35,0.89,0.1046,"9,12-18:2",,20596701.044
1000,5,104,35,0.89,0.1046,"12,15-18:2",,421647.116
1000,5,104,35,0.89,0.1046,20:0,,1098835.811
1000,5,104,35,0.89,0.1046,"9,12,15-18:3",,10024317.785
1000,5,104,35,0.89,0.1046,22:0,,549644.375
1000,5,104,35,0.89,0.1046,23:0,,85.669
1000,5,104,35,0.89,0.1046,24:0,,884682.654
1000,5,104,35,0.89,0.1046,15-24:1,,218463.487
1000,5,104,35,0.89,0.1046,di-16:0,,87448.239
1000,5,104,35,0.89,0.1046,26:0,,73833.85
1000,5,105,36,0.89,0.0721,14:0,,0.0
1000,5,105,36,0.89,0.0721,15:0,,81534.313
1000,5,105,36,0.89,0.0721,16:0,,5136264.284
1000,5,105,36,0.89,0.0721,9-16:1,,2720413.091
1000,5,105,36,0.89,0.0721,17:0,0.05008,16401275.989
1000,5,105,36,0.89,0.0721,"7,10-16:2",,162248.77
1000,5,105,36,0.89,0.0721,18:0,,1032224.921
1000,5,105,36,0.89,0.0721,11-Me-12-18:1,,2684408.791
1000,5,105,36,0.89,0.0721,9-18:1,,4247062.881
1000,5,105,36,0.89,0.0721,11-18:1,,3995869.1
1000,5,105,36,0.89,0.0721,"9,12-18:2",,6783972.215
1000,5,105,36,0.89,0.0721,"12,15-18:2",,575986.616
1000,5,105,36,0.89,0.0721,20:0,,633344.305
1000,5,105,36,0.89,0.0721,"9,12,15-18:3",,5192839.717
1000,5,105,36,0.89,0.0721,22:0,,182097.178
1000,5,105,36,0.89,0.0721,23:0,,0.0
1000,5,105,36,0.89,0.0721,24:0,,466146.577
1000,5,105,36,0.89,0.0721,15-24:1,,52236.732
1000,5,105,36,0.89,0.0721,di-16:0,,56855.008
1000,5,105,36,0.89,0.0721,26:0,,0.0
1000,5,106,70,0.89,0.1676,14:0,,231844.415
1000,5,106,70,0.89,0.1676,15:0,,313187.202
1000,5,106,70,0.89,0.1676,16:0,,17806068.657
1000,5,106,70,0.89,0.1676,9-16:1,,12583766.818
1000,5,106,70,0.89,0.1676,17:0,0.05008,13855244.272
1000,5,106,70,0.89,0.1676,"7,10-16:2",,663171.078
1000,5,106,70,0.89,0.1676,18:0,,2448258.675
1000,5,106,70,0.89,0.1676,11-Me-12-18:1,,7628189.271
1000,5,106,70,0.89,0.1676,9-18:1,,22553198.159
1000,5,106,70,0.89,0.1676,11-18:1,,13435754.117
1000,5,106,70,0.89,0.1676,"9,12-18:2",,30624086.361
1000,5,106,70,0.89,0.1676,"12,15-18:2",,869474.3
1000,5,106,70,0.89,0.1676,20:0,,3083854.9
1000,5,106,70,0.89,0.1676,"9,12,15-18:3",,24545708.346
1000,5,106,70,0.89,0.1676,22:0,,1788530.501
1000,5,106,70,0.89,0.1676,23:0,,46512.217
1000,5,106,70,0.89,0.1676,24:0,,1264731.236
1000,5,106,70,0.89,0.1676,15-24:1,,412058.757
1000,5,106,70,0.89,0.1676,di-16:0,,453567.249
1000,5,106,70,0.89,0.1676,26:0,,63550.652
1000,5,107,71,0.89,0.2017,14:0,,252819.46
1000,5,107,71,0.89,0.2017,15:0,,281403.211
1000,5,107,71,0.89,0.2017,16:0,,19971247.658
1000,5,107,71,0.89,0.2017,9-16:1,,11939736.738
1000,5,107,71,0.89,0.2017,17:0,0.05008,14345635.887
1000,5,107,71,0.89,0.2017,"7,10-16:2",,486296.393
1000,5,107,71,0.89,0.2017,18:0,,3247039.774
1000,5,107,71,0.89,0.2017,11-Me-12-18:1,,6609583.292
1000,5,107,71,0.89,0.2017,9-18:1,,30817147.391
1000,5,107,71,0.89,0.2017,11-18:1,,14670951.288
1000,5,107,71,0.89,0.2017,"9,12-18:2",,43646584.593
1000,5,107,71,0.89,0.2017,"12,15-18:2",,846250.02
1000,5,107,71,0.89,0.2017,20:0,,3950727.935
1000,5,107,71,0.89,0.2017,"9,12,15-18:3",,23380601.206
1000,5,107,71,0.89,0.2017,22:0,,1963848.298
1000,5,107,71,0.89,0.2017,23:0,,53271.822
1000,5,107,71,0.89,0.2017,24:0,,1751831.207
1000,5,107,71,0.89,0.2017,15-24:1,,462828.872
1000,5,107,71,0.89,0.2017,di-16:0,,131868.912
1000,5,107,71,0.89,0.2017,26:0,,198292.998
1000,5,108,72,0.89,0.2933,14:0,,218379.272
1000,5,108,72,0.89,0.2933,15:0,,268869.972
1000,5,108,72,0.89,0.2933,16:0,,17623237.081
1000,5,108,72,0.89,0.2933,9-16:1,,12214841.665
1000,5,108,72,0.89,0.2933,17:0,0.05008,9524182.007
1000,5,108,72,0.89,0.2933,"7,10-16:2",,629457.567
1000,5,108,72,0.89,0.2933,18:0,,2153080.678
1000,5,108,72,0.89,0.2933,11-Me-12-18:1,,6195020.802
1000,5,108,72,0.89,0.2933,9-18:1,,27028120.599
1000,5,108,72,0.89,0.2933,11-18:1,,15411895.904
1000,5,108,72,0.89,0.2933,"9,12-18:2",,42742932.945
1000,5,108,72,0.89,0.2933,"12,15-18:2",,685965.424
1000,5,108,72,0.89,0.2933,20:0,,1971831.984
1000,5,108,72,0.89,0.2933,"9,12,15-18:3",,20634852.925
1000,5,108,72,0.89,0.2933,22:0,,914097.141
1000,5,108,72,0.89,0.2933,23:0,,39461.745
1000,5,108,72,0.89,0.2933,24:0,,896181.48
1000,5,108,72,0.89,0.2933,15-24:1,,237731.688
1000,5,108,72,0.89,0.2933,di-16:0,,547739.44
1000,5,108,72,0.89,0.2933,26:0,,60624.425
