Ni,Week,Plant,Sample,FattyAcid,ppm
0,1,37,37,14:0,20.72321487329991
0,1,37,37,15:0,16.02518037579734
0,1,37,37,16:0,1724.1973908316695
0,1,37,37,9-16:1,530.8523727534031
0,1,37,37,17:0,2348.968105065667
0,1,37,37,"7,10-16:2",55.37728175419923
0,1,37,37,18:0,305.72791416651256
0,1,37,37,11-Me-12-18:1,790.7147444963489
0,1,37,37,9-18:1,100.9891944000877
0,1,37,37,11-18:1,542.9072338446035
0,1,37,37,"9,12-18:2",2059.823010766815
0,1,37,37,"12,15-18:2",17.231962617892826
0,1,37,37,20:0,234.75370282019907
0,1,37,37,"9,12,15-18:3",2414.214642135601
0,1,37,37,22:0,213.62168180749745
0,1,37,37,23:0,5.224296079450704
0,1,37,37,24:0,329.52995422011236
0,1,37,37,15-24:1,43.74919369913897
0,1,37,37,di-16:0,22.042335958013926
0,1,37,37,26:0,19.009705276935506
0,1,38,38,14:0,42.393175911763336
0,1,38,38,15:0,97.29695851892566
0,1,38,38,16:0,5643.901822462748
0,1,38,38,9-16:1,3049.179537108625
0,1,38,38,17:0,5996.1685823754815
0,1,38,38,"7,10-16:2",428.5605612775684
0,1,38,38,18:0,2201.599666949975
0,1,38,38,11-Me-12-18:1,2411.4731185882224
0,1,38,38,9-18:1,286.96090540200504
0,1,38,38,11-18:1,2091.6630779662364
0,1,38,38,"9,12-18:2",6162.701184102566
0,1,38,38,"12,15-18:2",212.58807432090737
0,1,38,38,20:0,903.0370291897193
0,1,38,38,"9,12,15-18:3",9905.55382361209
0,1,38,38,22:0,682.591500927805
0,1,38,38,23:0,11.849216320073461
0,1,38,38,24:0,916.4962263715503
0,1,38,38,15-24:1,102.32313133375443
0,1,38,38,di-16:0,71.1485033583381
0,1,38,38,26:0,23.097540246997298
0,1,39,39,14:0,54.33848996333252
0,1,39,39,15:0,97.1121227430896
0,1,39,39,16:0,6389.642864689815
0,1,39,39,9-16:1,2574.253833592181
0,1,39,39,17:0,3356.568364611262
0,1,39,39,"7,10-16:2",195.82850315931643
0,1,39,39,18:0,1298.5132569759126
0,1,39,39,11-Me-12-18:1,2178.005221666263
0,1,39,39,9-18:1,587.2852262859174
0,1,39,39,11-18:1,1814.9310229559846
0,1,39,39,"9,12-18:2",7407.698786440723
0,1,39,39,"12,15-18:2",46.305319381468564
0,1,39,39,20:0,388.93462063355446
0,1,39,39,"9,12,15-18:3",9456.021308589072
0,1,39,39,22:0,182.9716288724753
0,1,39,39,23:0,13.107793862625217
0,1,39,39,24:0,396.0084854004006
0,1,39,39,15-24:1,79.31175050295955
0,1,39,39,di-16:0,48.66481321732805
0,1,39,39,26:0,25.123011319160014
0,1,40,40,14:0,38.66587131649286
0,1,40,40,15:0,52.21532875153836
0,1,40,40,16:0,5061.16958637742
0,1,40,40,9-16:1,2108.106017511821
0,1,40,40,17:0,2810.956443646162
0,1,40,40,"7,10-16:2",318.6690930244434
0,1,40,40,18:0,984.5901116029897
0,1,40,40,11-Me-12-18:1,1686.9176316929966
0,1,40,40,9-18:1,345.5961408533507
0,1,40,40,11-18:1,1918.2607139901509
0,1,40,40,"9,12-18:2",4706.140450873562
0,1,40,40,"12,15-18:2",95.36722089213892
0,1,40,40,20:0,436.3737675233496
0,1,40,40,"9,12,15-18:3",9142.639427705515
0,1,40,40,22:0,285.2636736599482
0,1,40,40,23:0,9.528256227730017
0,1,40,40,24:0,466.6584817389878
0,1,40,40,15-24:1,90.2245621255243
0,1,40,40,di-16:0,64.02328382711772
0,1,40,40,26:0,10.858374120964912
0,1,41,41,14:0,60.477963452982756
0,1,41,41,15:0,72.0210991423413
0,1,41,41,16:0,5335.079285664816
0,1,41,41,9-16:1,1744.838663505726
0,1,41,41,17:0,2350.7322568531745
0,1,41,41,"7,10-16:2",156.25908255036836
0,1,41,41,18:0,761.2804841898925
0,1,41,41,11-Me-12-18:1,1611.1655963622852
0,1,41,41,9-18:1,561.1612076070733
0,1,41,41,11-18:1,1744.025418800837
0,1,41,41,"9,12-18:2",6702.05761930517
0,1,41,41,"12,15-18:2",82.80462094493836
0,1,41,41,20:0,503.4928101719974
0,1,41,41,"9,12,15-18:3",7757.449063639004
0,1,41,41,22:0,482.95600032499306
0,1,41,41,23:0,21.41886210134596
0,1,41,41,24:0,827.5613002746148
0,1,41,41,15-24:1,117.10780662280021
0,1,41,41,di-16:0,27.306644510414536
0,1,41,41,26:0,26.92370672630421
0,1,42,42,14:0,124.4715530816323
0,1,42,42,15:0,91.00721911406629
0,1,42,42,16:0,7484.010938446698
0,1,42,42,9-16:1,2251.123682534015
0,1,42,42,17:0,2501.998401278978
0,1,42,42,"7,10-16:2",226.66924414035776
0,1,42,42,18:0,1360.3799058174443
0,1,42,42,11-Me-12-18:1,2238.160997052006
0,1,42,42,9-18:1,637.377411129229
0,1,42,42,11-18:1,2017.9542471495017
0,1,42,42,"9,12-18:2",8453.754989612604
0,1,42,42,"12,15-18:2",102.51363534870345
0,1,42,42,20:0,621.1057913612594
0,1,42,42,"9,12,15-18:3",11716.771490762749
0,1,42,42,22:0,567.0967325795212
0,1,42,42,23:0,26.527250521598162
0,1,42,42,24:0,935.5516294540598
0,1,42,42,15-24:1,193.66943426519333
0,1,42,42,di-16:0,85.03199108671181
0,1,42,42,26:0,46.96184094013206
0,5,73,19,14:0,60.574557358630166
0,5,73,19,15:0,80.94231071614257
0,5,73,19,16:0,5196.72713013323
0,5,73,19,9-16:1,2016.9481249395042
0,5,73,19,17:0,4680.373831775702
0,5,73,19,"7,10-16:2",218.49139713105504
0,5,73,19,18:0,854.3832400169077
0,5,73,19,11-Me-12-18:1,1792.9280459586455
0,5,73,19,9-18:1,554.1952035300152
0,5,73,19,11-18:1,2085.9181679722083
0,5,73,19,"9,12-18:2",6528.492766630457
0,5,73,19,"12,15-18:2",135.84374706174992
0,5,73,19,20:0,641.2364350308445
0,5,73,19,"9,12,15-18:3",9988.006282051392
0,5,73,19,22:0,493.08305918314704
0,5,73,19,23:0,11.109537478788397
0,5,73,19,24:0,371.10138742723205
0,5,73,19,15-24:1,100.04096052347901
0,5,73,19,di-16:0,51.842670768356676
0,5,73,19,26:0,11.409373765663597
0,5,74,20,14:0,55.167409700062954
0,5,74,20,15:0,66.84704619691212
0,5,74,20,16:0,4996.628761861522
0,5,74,20,9-16:1,1845.752837573739
0,5,74,20,17:0,2444.059442180523
0,5,74,20,"7,10-16:2",297.1263099571922
0,5,74,20,18:0,994.727496850069
0,5,74,20,11-Me-12-18:1,1482.8464908736717
0,5,74,20,9-18:1,236.43586712251442
0,5,74,20,11-18:1,1656.3136403612996
0,5,74,20,"9,12-18:2",5490.141565234511
0,5,74,20,"12,15-18:2",66.09948101784828
0,5,74,20,20:0,385.08092827023336
0,5,74,20,"9,12,15-18:3",8290.327016490233
0,5,74,20,22:0,251.25954158134962
0,5,74,20,23:0,11.44371560725431
0,5,74,20,24:0,365.1153343434328
0,5,74,20,15-24:1,81.01429043608042
0,5,74,20,di-16:0,23.27190048327606
0,5,74,20,26:0,12.137417294892016
0,5,75,21,14:0,39.718876717633975
0,5,75,21,15:0,60.44826517141255
0,5,75,21,16:0,3018.958765848074
0,5,75,21,9-16:1,1395.7673684346316
0,5,75,21,17:0,2215.0373079866076
0,5,75,21,"7,10-16:2",210.59089565982777
0,5,75,21,18:0,568.2544838023254
0,5,75,21,11-Me-12-18:1,1135.9198150667962
0,5,75,21,9-18:1,170.56606048377435
0,5,75,21,11-18:1,1140.3763705703905
0,5,75,21,"9,12-18:2",3781.5203700978605
0,5,75,21,"12,15-18:2",97.81651245544441
0,5,75,21,20:0,385.12111427720725
0,5,75,21,"9,12,15-18:3",4914.362384104035
0,5,75,21,22:0,223.2262494032417
0,5,75,21,23:0,13.686656023010789
0,5,75,21,24:0,252.92768810990023
0,5,75,21,15-24:1,45.625101311471035
0,5,75,21,di-16:0,21.91536753313898
0,5,75,21,26:0,6.976013471700999
0,5,55,55,14:0,57.96730078999278
0,5,55,55,14:0,83.6002291041061
0,5,55,55,15:0,58.19616957464602
0,5,55,55,15:0,83.9303028279303
0,5,55,55,16:0,4630.394763005573
0,5,55,55,16:0,6677.938385161909
0,5,55,55,9-16:1,1850.401234652671
0,5,55,55,9-16:1,2668.6418902256323
0,5,55,55,17:0,1762.1889426866346
0,5,55,55,17:0,2541.4224455101375
0,5,55,55,"7,10-16:2",335.07979757494775
0,5,55,55,"7,10-16:2",483.2508580468376
0,5,55,55,18:0,1235.5453298029086
0,5,55,55,18:0,1781.8989539334107
0,5,55,55,11-Me-12-18:1,1699.753743683363
0,5,55,55,11-Me-12-18:1,2451.378629950331
0,5,55,55,9-18:1,415.13422651626877
0,5,55,55,9-18:1,598.7050625567049
0,5,55,55,11-18:1,1575.7521242447424
0,5,55,55,11-18:1,2272.5439481026206
0,5,55,55,"9,12-18:2",5610.005704095716
0,5,55,55,"9,12-18:2",8090.729700126209
0,5,55,55,"12,15-18:2",116.18835959341408
0,5,55,55,"12,15-18:2",167.5664270867095
0,5,55,55,20:0,539.9316731444538
0,5,55,55,20:0,778.6874834653706
0,5,55,55,"9,12,15-18:3",8924.294320405392
0,5,55,55,"9,12,15-18:3",12870.584615993757
0,5,55,55,22:0,224.66816828084538
0,5,55,55,22:0,324.01561026145
0,5,55,55,23:0,12.644042148663065
0,5,55,55,23:0,18.23519132380733
0,5,55,55,24:0,342.60602287354425
0,5,55,55,24:0,494.10515263494096
0,5,55,55,15-24:1,97.07538206629602
0,5,55,55,15-24:1,140.001760829133
0,5,55,55,di-16:0,22.64468022346274
0,5,55,55,di-16:0,32.65807496417916
0,5,55,55,26:0,17.646102093591495
0,5,55,55,26:0,25.449143874461214
0,5,56,56,14:0,41.87840724435261
0,5,56,56,14:0,66.51450693018106
0,5,56,56,15:0,74.68246467752292
0,5,56,56,15:0,118.61643365211731
0,5,56,56,16:0,4671.233682375053
0,5,56,56,16:0,7419.212562835228
0,5,56,56,9-16:1,1862.9006632222543
0,5,56,56,9-16:1,2958.8020946246716
0,5,56,56,17:0,1639.9347693678
0,5,56,56,17:0,2604.670515421023
0,5,56,56,"7,10-16:2",206.63701665448286
0,5,56,56,"7,10-16:2",328.19680070688446
0,5,56,56,18:0,861.8786209435261
0,5,56,56,18:0,1368.901906207376
0,5,56,56,11-Me-12-18:1,1755.471396030882
0,5,56,56,11-Me-12-18:1,2788.1746709165172
0,5,56,56,9-18:1,567.4531065362731
0,5,56,56,9-18:1,901.272662234535
0,5,56,56,11-18:1,1232.2879254883558
0,5,56,56,11-18:1,1957.214449002877
0,5,56,56,"9,12-18:2",6313.092884649046
0,5,56,56,"9,12-18:2",10026.939610591131
0,5,56,56,"12,15-18:2",70.74653337501401
0,5,56,56,"12,15-18:2",112.36508487540974
0,5,56,56,20:0,347.13476497378934
0,5,56,56,20:0,551.3461291837825
0,5,56,56,"9,12,15-18:3",7861.221131739882
0,5,56,56,"9,12,15-18:3",12485.795947201656
0,5,56,56,22:0,250.99083546441642
0,5,56,56,22:0,398.64294665029684
0,5,56,56,23:0,13.882481031227366
0,5,56,56,23:0,22.049223968139344
0,5,56,56,24:0,276.1494750424543
0,5,56,56,24:0,438.60183278470186
0,5,56,56,15-24:1,64.43904067574644
0,5,56,56,15-24:1,102.34703990990843
0,5,56,56,di-16:0,53.61199234562826
0,5,56,56,di-16:0,85.15068912738997
0,5,56,56,26:0,9.82112423856987
0,5,56,56,26:0,15.598664782472515
0,5,57,57,14:0,58.61118886580647
0,5,57,57,14:0,53.371146424801914
0,5,57,57,15:0,52.25026803820006
0,5,57,57,15:0,47.57891385869523
0,5,57,57,16:0,4094.1608729814056
0,5,57,57,16:0,3728.128769728186
0,5,57,57,9-16:1,1375.9345741894183
0,5,57,57,9-16:1,1252.9212775080343
0,5,57,57,17:0,2292.0537863739974
0,5,57,57,17:0,2087.1362723279412
0,5,57,57,"7,10-16:2",177.12771722709334
0,5,57,57,"7,10-16:2",161.29188837411976
0,5,57,57,18:0,745.6122456643923
0,5,57,57,18:0,678.9519392038031
0,5,57,57,11-Me-12-18:1,1306.43690606335
0,5,57,57,11-Me-12-18:1,1189.6369406174958
0,5,57,57,9-18:1,334.05379647929465
0,5,57,57,9-18:1,304.1882348859619
0,5,57,57,11-18:1,1311.9357439779014
0,5,57,57,11-18:1,1194.644163456393
0,5,57,57,"9,12-18:2",4999.879379547591
0,5,57,57,"9,12-18:2",4552.872917885156
0,5,57,57,"12,15-18:2",77.39054724565412
0,5,57,57,"12,15-18:2",70.47156539343001
0,5,57,57,20:0,404.11488162879164
0,5,57,57,20:0,367.9856173747477
0,5,57,57,"9,12,15-18:3",7185.842277688672
0,5,57,57,"9,12,15-18:3",6543.403193307282
0,5,57,57,22:0,291.46383818374494
0,5,57,57,22:0,265.40596575945915
0,5,57,57,23:0,11.519169112215437
0,5,57,57,23:0,10.489315662709108
0,5,57,57,24:0,286.31113358695893
0,5,57,57,24:0,260.71393072586756
0,5,57,57,15-24:1,84.90213762748364
0,5,57,57,15-24:1,77.31159368682708
0,5,57,57,di-16:0,20.03684739116808
0,5,57,57,di-16:0,18.24548412511932
0,5,57,57,26:0,12.887109609028323
0,5,57,57,26:0,11.734957560930521
50,1,43,43,14:0,60.26636136707604
50,1,43,43,15:0,68.14807087259737
50,1,43,43,16:0,5996.978760650102
50,1,43,43,9-16:1,1725.7046273398453
50,1,43,43,17:0,2100.8473865257156
50,1,43,43,"7,10-16:2",146.7722502073896
50,1,43,43,18:0,719.7052417880348
50,1,43,43,11-Me-12-18:1,2120.983619189398
50,1,43,43,9-18:1,665.9821948684553
50,1,43,43,11-18:1,1423.3968043348953
50,1,43,43,"9,12-18:2",8017.425798406925
50,1,43,43,"12,15-18:2",53.70198986064831
50,1,43,43,20:0,454.62625372682254
50,1,43,43,"9,12,15-18:3",9300.987085198678
50,1,43,43,22:0,411.76547068237346
50,1,43,43,23:0,25.329843945710703
50,1,43,43,24:0,607.8907320724866
50,1,43,43,15-24:1,100.76019994964301
50,1,43,43,di-16:0,79.21862014223382
50,1,43,43,26:0,25.424312404721505
50,1,44,44,14:0,40.40090220996601
50,1,44,44,15:0,62.123485135710986
50,1,44,44,16:0,4686.764056619949
50,1,44,44,9-16:1,1634.8782194712262
50,1,44,44,17:0,2681.100064778976
50,1,44,44,"7,10-16:2",192.18927581777734
50,1,44,44,18:0,581.9894511193438
50,1,44,44,11-Me-12-18:1,1899.0225029287724
50,1,44,44,9-18:1,446.79208871440954
50,1,44,44,11-18:1,1214.4930921743257
50,1,44,44,"9,12-18:2",6643.2794171721625
50,1,44,44,"12,15-18:2",86.58678565973764
50,1,44,44,20:0,394.95328529050335
50,1,44,44,"9,12,15-18:3",7470.487052837502
50,1,44,44,22:0,332.1712444544959
50,1,44,44,23:0,16.66233433125497
50,1,44,44,24:0,424.0996956739613
50,1,44,44,15-24:1,88.48872454923692
50,1,44,44,di-16:0,83.01091032887413
50,1,44,44,26:0,16.547417070527562
50,1,45,45,14:0,54.73892099290104
50,1,45,45,15:0,69.29450188995436
50,1,45,45,16:0,5389.452283886109
50,1,45,45,9-16:1,1975.1896494816428
50,1,45,45,17:0,1627.9190721381397
50,1,45,45,"7,10-16:2",232.6791149549796
50,1,45,45,18:0,511.0072428205292
50,1,45,45,11-Me-12-18:1,1988.736209147941
50,1,45,45,9-18:1,477.0593657663471
50,1,45,45,11-18:1,1568.3341253781382
50,1,45,45,"9,12-18:2",7218.588093855621
50,1,45,45,"12,15-18:2",75.96900454869142
50,1,45,45,20:0,415.46213061417006
50,1,45,45,"9,12,15-18:3",8207.81321557548
50,1,45,45,22:0,456.5514725766807
50,1,45,45,23:0,13.797091451497675
50,1,45,45,24:0,465.0829741021159
50,1,45,45,15-24:1,89.04268625134823
50,1,45,45,di-16:0,100.22690999045821
50,1,45,45,26:0,11.68772988432381
50,1,46,46,14:0,44.52471950289259
50,1,46,46,15:0,62.2968202601688
50,1,46,46,16:0,5456.8934490704805
50,1,46,46,9-16:1,1931.546334249419
50,1,46,46,17:0,2468.405591372411
50,1,46,46,"7,10-16:2",220.14701774888434
50,1,46,46,18:0,731.7231244326497
50,1,46,46,11-Me-12-18:1,1948.29519214738
50,1,46,46,9-18:1,499.7714873847766
50,1,46,46,11-18:1,1631.8603856083057
50,1,46,46,"9,12-18:2",7946.244882771584
50,1,46,46,"12,15-18:2",97.94802557461014
50,1,46,46,20:0,440.9762380316814
50,1,46,46,"9,12,15-18:3",8416.598141880922
50,1,46,46,22:0,339.5730566876593
50,1,46,46,23:0,15.937795530907142
50,1,46,46,24:0,698.1137639381838
50,1,46,46,15-24:1,135.3084464571282
50,1,46,46,di-16:0,96.64894894106658
50,1,46,46,26:0,23.580840745232468
50,1,47,47,14:0,31.831276493966588
50,1,47,47,15:0,62.201395772569334
50,1,47,47,16:0,4737.565575261209
50,1,47,47,9-16:1,1734.6685966981963
50,1,47,47,17:0,2224.235641066639
50,1,47,47,"7,10-16:2",170.82900824115785
50,1,47,47,18:0,634.5950179262036
50,1,47,47,11-Me-12-18:1,1980.403915102921
50,1,47,47,9-18:1,427.7346961930941
50,1,47,47,11-18:1,1421.0503630254095
50,1,47,47,"9,12-18:2",6728.032325033894
50,1,47,47,"12,15-18:2",74.42196898547566
50,1,47,47,20:0,302.3002792997401
50,1,47,47,"9,12,15-18:3",7412.535139332304
50,1,47,47,22:0,497.3206725926585
50,1,47,47,23:0,12.122647269209601
50,1,47,47,24:0,676.2672956421582
50,1,47,47,15-24:1,81.425805978725
50,1,47,47,di-16:0,67.3862897148715
50,1,47,47,26:0,24.18310108511244
50,1,48,48,14:0,44.644038936718594
50,1,48,48,15:0,61.3326648793439
50,1,48,48,16:0,5613.455793729594
50,1,48,48,9-16:1,1576.3631756663622
50,1,48,48,17:0,2467.347552113357
50,1,48,48,"7,10-16:2",174.5734391368564
50,1,48,48,18:0,601.0255539262077
50,1,48,48,11-Me-12-18:1,1450.2983466851886
50,1,48,48,9-18:1,639.3691662870378
50,1,48,48,11-18:1,1610.6742085755243
50,1,48,48,"9,12-18:2",8165.45804393669
50,1,48,48,"12,15-18:2",71.43707600283896
50,1,48,48,20:0,323.5072425507305
50,1,48,48,"9,12,15-18:3",9429.318422758452
50,1,48,48,22:0,288.3183024520502
50,1,48,48,23:0,7.006179918105359
50,1,48,48,24:0,530.6922179901375
50,1,48,48,15-24:1,98.04534531752954
50,1,48,48,di-16:0,63.2499305378339
50,1,48,48,26:0,8.843738391347891
50,5,79,22,14:0,44.70157589355085
50,5,79,22,15:0,33.555066958205835
50,5,79,22,16:0,2927.086914448722
50,5,79,22,9-16:1,996.661153591444
50,5,79,22,17:0,2474.870771025036
50,5,79,22,"7,10-16:2",137.82682906735482
50,5,79,22,18:0,434.3411961236867
50,5,79,22,11-Me-12-18:1,1006.5416282904978
50,5,79,22,9-18:1,237.70364363112108
50,5,79,22,11-18:1,984.6589807225643
50,5,79,22,"9,12-18:2",4557.998979584104
50,5,79,22,"12,15-18:2",134.80995109074965
50,5,79,22,20:0,354.2451503338269
50,5,79,22,"9,12,15-18:3",4694.219937347928
50,5,79,22,22:0,233.6916866766108
50,5,79,22,23:0,11.739331164558301
50,5,79,22,24:0,138.6932950165171
50,5,79,22,15-24:1,47.192684473207045
50,5,79,22,di-16:0,52.33918693681869
50,5,79,22,26:0,7.542532923329439
50,5,80,23,14:0,33.717020275743806
50,5,80,23,15:0,61.72685787308399
50,5,80,23,16:0,3258.6384479440703
50,5,80,23,9-16:1,1374.6993621631625
50,5,80,23,17:0,2181.222669384484
50,5,80,23,"7,10-16:2",154.89167675331842
50,5,80,23,18:0,566.9423227923903
50,5,80,23,11-Me-12-18:1,1136.9979282255938
50,5,80,23,9-18:1,228.58832265567744
50,5,80,23,11-18:1,1128.190164543101
50,5,80,23,"9,12-18:2",4812.8154114985355
50,5,80,23,"12,15-18:2",113.0973242273449
50,5,80,23,20:0,311.04061135739823
50,5,80,23,"9,12,15-18:3",5619.492718470744
50,5,80,23,22:0,221.8834531091175
50,5,80,23,23:0,11.691581181252246
50,5,80,23,24:0,266.7700597300489
50,5,80,23,15-24:1,47.653472973402806
50,5,80,23,di-16:0,22.797847802886494
50,5,80,23,26:0,10.55366465553431
50,5,81,24,14:0,34.12938398959754
50,5,81,24,15:0,9.036095711840458
50,5,81,24,16:0,3676.5788240286543
50,5,81,24,9-16:1,1418.366201954867
50,5,81,24,17:0,1373.4093900833705
50,5,81,24,"7,10-16:2",127.65666694049699
50,5,81,24,18:0,682.64096481451
50,5,81,24,11-Me-12-18:1,1315.9365306984469
50,5,81,24,9-18:1,383.0015823955945
50,5,81,24,11-18:1,916.9171461602699
50,5,81,24,"9,12-18:2",5854.290795349608
50,5,81,24,"12,15-18:2",67.37823721458517
50,5,81,24,20:0,312.5680545249806
50,5,81,24,"9,12,15-18:3",6094.789279599266
50,5,81,24,22:0,179.04273812877142
50,5,81,24,23:0,19.66054874636794
50,5,81,24,24:0,282.16907110224093
50,5,81,24,15-24:1,61.93545841292747
50,5,81,24,di-16:0,29.96660244682736
50,5,81,24,26:0,10.622244587755663
50,5,82,58,14:0,74.6837205745123
50,5,82,58,15:0,74.94623986075146
50,5,82,58,16:0,5248.309479548076
50,5,82,58,9-16:1,2283.4318427697203
50,5,82,58,17:0,3220.5373564327156
50,5,82,58,"7,10-16:2",274.05204285888505
50,5,82,58,18:0,789.8063701998658
50,5,82,58,11-Me-12-18:1,1948.8025617056921
50,5,82,58,9-18:1,660.0828962112508
50,5,82,58,11-18:1,2187.5447628077063
50,5,82,58,"9,12-18:2",7248.148893591759
50,5,82,58,"12,15-18:2",91.77511982767025
50,5,82,58,20:0,538.7765121429678
50,5,82,58,"9,12,15-18:3",8154.233050438551
50,5,82,58,22:0,336.90347861880815
50,5,82,58,23:0,8.67856432195528
50,5,82,58,24:0,387.5807459359977
50,5,82,58,15-24:1,93.58898810960616
50,5,82,58,di-16:0,60.93270985557312
50,5,82,58,26:0,18.257247947447766
50,5,83,59,14:0,96.00816151814288
50,5,83,59,15:0,46.75723844722508
50,5,83,59,16:0,4714.461434830018
50,5,83,59,9-16:1,1633.0646334550281
50,5,83,59,17:0,2654.2293830824683
50,5,83,59,"7,10-16:2",132.78242333551015
50,5,83,59,18:0,499.90320184672635
50,5,83,59,11-Me-12-18:1,1627.5621339794175
50,5,83,59,9-18:1,811.9760364572895
50,5,83,59,11-18:1,1631.073164843442
50,5,83,59,"9,12-18:2",6703.283851121941
50,5,83,59,"12,15-18:2",92.00435649268891
50,5,83,59,20:0,429.938422372086
50,5,83,59,"9,12,15-18:3",7260.822745210509
50,5,83,59,22:0,369.2498621200154
50,5,83,59,23:0,0.0
50,5,83,59,24:0,325.9913490703524
50,5,83,59,15-24:1,107.41269340507989
50,5,83,59,di-16:0,69.020708641957
50,5,83,59,26:0,20.72914463021144
50,5,84,60,14:0,56.0869030965507
50,5,84,60,15:0,51.11030595478651
50,5,84,60,16:0,4491.385992342303
50,5,84,60,9-16:1,1767.0386768107549
50,5,84,60,17:0,2351.6815838162233
50,5,84,60,"7,10-16:2",163.32587003431223
50,5,84,60,18:0,691.9059520793542
50,5,84,60,11-Me-12-18:1,1746.077396475761
50,5,84,60,9-18:1,671.7552462010001
50,5,84,60,11-18:1,1347.012429990118
50,5,84,60,"9,12-18:2",6587.127765392279
50,5,84,60,"12,15-18:2",91.57403465711158
50,5,84,60,20:0,430.6177642793048
50,5,84,60,"9,12,15-18:3",7086.506456433641
50,5,84,60,22:0,292.37053585714045
50,5,84,60,23:0,18.494870978769814
50,5,84,60,24:0,332.07066772505283
50,5,84,60,15-24:1,71.30529539817917
50,5,84,60,di-16:0,59.204600778135
50,5,84,60,26:0,8.90874198719724
250,1,49,49,14:0,47.485915498489646
250,1,49,49,15:0,69.20210914524792
250,1,49,49,16:0,5209.662454554438
250,1,49,49,9-16:1,1998.0300666609
250,1,49,49,17:0,3066.823437193809
250,1,49,49,"7,10-16:2",163.42422013993277
250,1,49,49,18:0,523.7633984512064
250,1,49,49,11-Me-12-18:1,1634.943315118434
250,1,49,49,9-18:1,826.0577467488358
250,1,49,49,11-18:1,1440.9475528747853
250,1,49,49,"9,12-18:2",9174.576538382596
250,1,49,49,"12,15-18:2",82.95018016600612
250,1,49,49,20:0,268.8786674439319
250,1,49,49,"9,12,15-18:3",7294.2879507755515
250,1,49,49,22:0,298.266348687603
250,1,49,49,23:0,11.614799290782459
250,1,49,49,24:0,536.4742145315372
250,1,49,49,15-24:1,94.74296684201076
250,1,49,49,di-16:0,106.07575472152
250,1,49,49,26:0,10.417769471757422
250,1,50,50,14:0,19.86541926548766
250,1,50,50,15:0,31.52774910943354
250,1,50,50,16:0,2368.5347712790126
250,1,50,50,9-16:1,861.1635673580448
250,1,50,50,17:0,2345.4916727552045
250,1,50,50,"7,10-16:2",99.56713902680075
250,1,50,50,18:0,408.7051065368447
250,1,50,50,11-Me-12-18:1,917.5062620986104
250,1,50,50,9-18:1,607.867396381443
250,1,50,50,11-18:1,792.2442012448346
250,1,50,50,"9,12-18:2",4065.542170440204
250,1,50,50,"12,15-18:2",49.2694533919475
250,1,50,50,20:0,230.18712765754947
250,1,50,50,"9,12,15-18:3",4108.433129236294
250,1,50,50,22:0,114.34993117527446
250,1,50,50,23:0,10.615863708435837
250,1,50,50,24:0,234.75660723939654
250,1,50,50,15-24:1,59.63827510713246
250,1,50,50,di-16:0,30.086368192283416
250,1,50,50,26:0,20.017495705830605
250,1,51,51,14:0,45.04972990727075
250,1,51,51,15:0,71.87483752962744
250,1,51,51,16:0,6128.751924475073
250,1,51,51,9-16:1,2352.690461784792
250,1,51,51,17:0,2944.150499706057
250,1,51,51,"7,10-16:2",179.22957224834988
250,1,51,51,18:0,567.6594615445539
250,1,51,51,11-Me-12-18:1,1984.8042369430616
250,1,51,51,9-18:1,1825.6958121452346
250,1,51,51,11-18:1,1688.5361122682607
250,1,51,51,"9,12-18:2",10101.024846323824
250,1,51,51,"12,15-18:2",53.54628520499826
250,1,51,51,20:0,272.67315782906195
250,1,51,51,"9,12,15-18:3",8312.679566533772
250,1,51,51,22:0,218.25737464282082
250,1,51,51,23:0,14.958636395669584
250,1,51,51,24:0,440.56763713365154
250,1,51,51,15-24:1,98.10741066095314
250,1,51,51,di-16:0,44.89234375379573
250,1,51,51,26:0,38.87243979747772
250,1,52,52,14:0,52.343516646424995
250,1,52,52,15:0,68.69356960306185
250,1,52,52,16:0,5775.050494532373
250,1,52,52,9-16:1,1672.3173616567235
250,1,52,52,17:0,2500.0873632764738
250,1,52,52,"7,10-16:2",211.0583649077766
250,1,52,52,18:0,639.852964644322
250,1,52,52,11-Me-12-18:1,2064.851126967006
250,1,52,52,9-18:1,652.0920539009967
250,1,52,52,11-18:1,1389.9361339514314
250,1,52,52,"9,12-18:2",8945.50900138735
250,1,52,52,"12,15-18:2",117.83297367414407
250,1,52,52,20:0,419.32906334549057
250,1,52,52,"9,12,15-18:3",9160.18296369616
250,1,52,52,22:0,297.93774519960317
250,1,52,52,23:0,16.43841153089914
250,1,52,52,24:0,505.5864451237028
250,1,52,52,15-24:1,72.49081241174207
250,1,52,52,di-16:0,48.08558395508405
250,1,52,52,26:0,20.846738038098298
250,1,53,53,14:0,59.36893869997688
250,1,53,53,15:0,81.08824703925605
250,1,53,53,16:0,6482.187950513154
250,1,53,53,9-16:1,2165.6861078603483
250,1,53,53,17:0,1998.2921943706267
250,1,53,53,"7,10-16:2",240.2037405734521
250,1,53,53,18:0,816.1219912124233
250,1,53,53,11-Me-12-18:1,2220.380624206129
250,1,53,53,9-18:1,749.2416896961058
250,1,53,53,11-18:1,1648.4231984964536
250,1,53,53,"9,12-18:2",9490.21599321057
250,1,53,53,"12,15-18:2",159.2082251527792
250,1,53,53,20:0,658.7102911421007
250,1,53,53,"9,12,15-18:3",10519.89275843175
250,1,53,53,22:0,455.4978147119082
250,1,53,53,23:0,26.21536988664958
250,1,53,53,24:0,639.8287197548682
250,1,53,53,15-24:1,109.65186220143521
250,1,53,53,di-16:0,127.6197349782417
250,1,53,53,26:0,31.27479250790078
250,1,54,54,14:0,62.62728845535545
250,1,54,54,15:0,65.51323664213264
250,1,54,54,16:0,6809.030962514333
250,1,54,54,9-16:1,2216.012667136103
250,1,54,54,17:0,3198.508044171091
250,1,54,54,"7,10-16:2",251.99504220231518
250,1,54,54,18:0,656.5639856306836
250,1,54,54,11-Me-12-18:1,1825.114508078508
250,1,54,54,9-18:1,803.4182943654567
250,1,54,54,11-18:1,2100.7757887836574
250,1,54,54,"9,12-18:2",11736.718650416919
250,1,54,54,"12,15-18:2",139.85688858414315
250,1,54,54,20:0,505.920124360039
250,1,54,54,"9,12,15-18:3",9893.377868740768
250,1,54,54,22:0,357.92370417290624
250,1,54,54,23:0,17.688802936538146
250,1,54,54,24:0,603.4294361207545
250,1,54,54,15-24:1,123.46087642191307
250,1,54,54,di-16:0,24.915028016176016
250,1,54,54,26:0,43.183624116719784
250,5,88,25,14:0,25.248230648623863
250,5,88,25,15:0,35.36598646399263
250,5,88,25,16:0,3090.428135887209
250,5,88,25,9-16:1,1175.532747528381
250,5,88,25,17:0,5128.20512820513
250,5,88,25,"7,10-16:2",76.7650990237869
250,5,88,25,18:0,483.6678123243549
250,5,88,25,11-Me-12-18:1,1040.0722501380149
250,5,88,25,9-18:1,846.7479287224544
250,5,88,25,11-18:1,1391.6398763224458
250,5,88,25,"9,12-18:2",5844.186871284193
250,5,88,25,"12,15-18:2",86.8375253830912
250,5,88,25,20:0,306.0358968876918
250,5,88,25,"9,12,15-18:3",4841.470759136844
250,5,88,25,22:0,158.2358629461928
250,5,88,25,23:0,11.634958190594672
250,5,88,25,24:0,194.7619040705466
250,5,88,25,15-24:1,55.13474705922466
250,5,88,25,di-16:0,34.1525678185857
250,5,88,25,26:0,23.782199866530693
250,5,89,26,14:0,34.57280397513322
250,5,89,26,15:0,52.91983189166789
250,5,89,26,16:0,3530.974568364605
250,5,89,26,9-16:1,1567.9539455132747
250,5,89,26,17:0,3026.6402359425624
250,5,89,26,"7,10-16:2",100.44708347390187
250,5,89,26,18:0,630.0971150038948
250,5,89,26,11-Me-12-18:1,1228.0785259708491
250,5,89,26,9-18:1,852.6666849867851
250,5,89,26,11-18:1,1667.764666030879
250,5,89,26,"9,12-18:2",6148.353007016016
250,5,89,26,"12,15-18:2",92.07420974832526
250,5,89,26,20:0,343.08055119496845
250,5,89,26,"9,12,15-18:3",5831.909568677828
250,5,89,26,22:0,203.71388815856585
250,5,89,26,23:0,7.104380334156809
250,5,89,26,24:0,217.35192442977706
250,5,89,26,15-24:1,59.929308949760866
250,5,89,26,di-16:0,35.89413349301861
250,5,89,26,26:0,18.57445700960316
250,5,90,27,14:0,30.137448650932136
250,5,90,27,15:0,35.89204812023335
250,5,90,27,16:0,3546.580785988271
250,5,90,27,9-16:1,1595.3979843599673
250,5,90,27,17:0,2598.696500477397
250,5,90,27,"7,10-16:2",119.91191459066543
250,5,90,27,18:0,520.5177210119699
250,5,90,27,11-Me-12-18:1,1118.1841766364444
250,5,90,27,9-18:1,689.1760872890819
250,5,90,27,11-18:1,1704.1886260150995
250,5,90,27,"9,12-18:2",4491.529970239295
250,5,90,27,"12,15-18:2",80.24467946692226
250,5,90,27,20:0,332.5582183041704
250,5,90,27,"9,12,15-18:3",5898.182355762584
250,5,90,27,22:0,144.11855830172652
250,5,90,27,23:0,13.573613275382952
250,5,90,27,24:0,199.63575461297611
250,5,90,27,15-24:1,54.40798506419858
250,5,90,27,di-16:0,18.380746598348193
250,5,90,27,26:0,9.593263234226846
250,5,85,61,14:0,35.198630248035776
250,5,85,61,15:0,39.22546479437148
250,5,85,61,16:0,2716.0931927465485
250,5,85,61,9-16:1,1216.1637755744698
250,5,85,61,17:0,1980.0101214574904
250,5,85,61,"7,10-16:2",80.65040099662579
250,5,85,61,18:0,439.23934361893566
250,5,85,61,11-Me-12-18:1,1215.8824693974004
250,5,85,61,9-18:1,837.3117459621528
250,5,85,61,11-18:1,1178.769616429992
250,5,85,61,"9,12-18:2",5013.406699896014
250,5,85,61,"12,15-18:2",110.99428061288432
250,5,85,61,20:0,204.00296143212137
250,5,85,61,"9,12,15-18:3",4000.943440580688
250,5,85,61,22:0,95.05441691521881
250,5,85,61,23:0,9.445238709769983
250,5,85,61,24:0,200.9835104467275
250,5,85,61,15-24:1,51.36478667453489
250,5,85,61,di-16:0,15.901832664483258
250,5,85,61,26:0,12.707421137808863
250,5,86,62,14:0,45.86120429349344
250,5,86,62,15:0,35.38528804901258
250,5,86,62,16:0,3520.3472657078123
250,5,86,62,9-16:1,1766.1288016296178
250,5,86,62,17:0,2471.963354920234
250,5,86,62,"7,10-16:2",98.8255216998323
250,5,86,62,18:0,543.5774845875387
250,5,86,62,11-Me-12-18:1,1762.9869141423383
250,5,86,62,9-18:1,1095.403556807182
250,5,86,62,11-18:1,1422.269124863121
250,5,86,62,"9,12-18:2",6903.871903555042
250,5,86,62,"12,15-18:2",171.34819769783587
250,5,86,62,20:0,314.34569457922424
250,5,86,62,"9,12,15-18:3",4963.911397599067
250,5,86,62,22:0,277.1311601082489
250,5,86,62,23:0,14.153153969827528
250,5,86,62,24:0,314.28129838765943
250,5,86,62,15-24:1,71.75590780304742
250,5,86,62,di-16:0,22.858952872606046
250,5,86,62,26:0,22.811478543183448
250,5,87,63,14:0,41.07074916472852
250,5,87,63,15:0,12.710312065387699
250,5,87,63,16:0,3820.4211928363147
250,5,87,63,9-16:1,2400.111181709448
250,5,87,63,17:0,2128.817248180643
250,5,87,63,"7,10-16:2",162.3873078347237
250,5,87,63,18:0,646.3400751567258
250,5,87,63,11-Me-12-18:1,1819.0152725973257
250,5,87,63,9-18:1,696.1758667351918
250,5,87,63,11-18:1,1533.1087339584533
250,5,87,63,"9,12-18:2",6366.530261127734
250,5,87,63,"12,15-18:2",151.34909019233098
250,5,87,63,20:0,235.61269539621037
250,5,87,63,"9,12,15-18:3",4817.102385786529
250,5,87,63,22:0,143.09244877751362
250,5,87,63,23:0,18.86410871987216
250,5,87,63,24:0,290.8513607951666
250,5,87,63,15-24:1,44.15620782280358
250,5,87,63,di-16:0,53.31603544396241
250,5,87,63,26:0,16.089243472330335
500,1,55,55,14:0,27.330871297458124
500,1,55,55,14:0,39.41648258489874
500,1,55,55,15:0,47.95793654341609
500,1,55,55,15:0,69.16476061072547
500,1,55,55,16:0,3550.8001183228503
500,1,55,55,16:0,5120.950938704462
500,1,55,55,9-16:1,1191.1740395123454
500,1,55,55,9-16:1,1717.9068414254523
500,1,55,55,17:0,1531.3877239878004
500,1,55,55,17:0,2208.561772375941
500,1,55,55,"7,10-16:2",129.1657381880729
500,1,55,55,"7,10-16:2",186.28235501329488
500,1,55,55,18:0,288.3642922314968
500,1,55,55,18:0,415.8779271667988
500,1,55,55,11-Me-12-18:1,1005.4591115513178
500,1,55,55,11-Me-12-18:1,1450.06945182813
500,1,55,55,9-18:1,748.1101119682986
500,1,55,55,9-18:1,1078.9216662378258
500,1,55,55,11-18:1,1184.2134803666777
500,1,55,55,11-18:1,1707.8683484934002
500,1,55,55,"9,12-18:2",5679.521226923673
500,1,55,55,"9,12-18:2",8190.984732799943
500,1,55,55,"12,15-18:2",26.157089450789194
500,1,55,55,"12,15-18:2",37.72365870035616
500,1,55,55,20:0,193.91011707835912
500,1,55,55,20:0,279.6564613571492
500,1,55,55,"9,12,15-18:3",5447.6042665138775
500,1,55,55,"9,12,15-18:3",7856.51494105256
500,1,55,55,22:0,162.33486362269747
500,1,55,55,22:0,234.11874635336147
500,1,55,55,23:0,8.506540565407347
500,1,55,55,23:0,12.268101679045166
500,1,55,55,24:0,300.3694313591791
500,1,55,55,24:0,433.1916948914153
500,1,55,55,15-24:1,52.72666433247108
500,1,55,55,15-24:1,76.04220237991233
500,1,55,55,di-16:0,17.286284793556426
500,1,55,55,di-16:0,24.930216680877866
500,1,55,55,26:0,9.208274503357393
500,1,55,55,26:0,13.280139796798583
500,1,56,56,14:0,31.701149945086353
500,1,56,56,14:0,50.35020423326875
500,1,56,56,15:0,46.86658036247185
500,1,56,56,15:0,74.43710707822817
500,1,56,56,16:0,4073.3883455269415
500,1,56,56,16:0,6469.668623187843
500,1,56,56,9-16:1,1291.8512644565374
500,1,56,56,9-16:1,2051.817524508288
500,1,56,56,17:0,1786.8867546177264
500,1,56,56,17:0,2838.070959336621
500,1,56,56,"7,10-16:2",195.85811816515127
500,1,56,56,"7,10-16:2",311.07692520433545
500,1,56,56,18:0,465.97360788749296
500,1,56,56,18:0,740.095118476449
500,1,56,56,11-Me-12-18:1,1315.6499101455795
500,1,56,56,11-Me-12-18:1,2089.6163637615687
500,1,56,56,9-18:1,514.9702197809363
500,1,56,56,9-18:1,817.9153054364318
500,1,56,56,11-18:1,1089.3501661799307
500,1,56,56,11-18:1,1730.1897074306698
500,1,56,56,"9,12-18:2",6683.984090948687
500,1,56,56,"9,12-18:2",10616.017546812962
500,1,56,56,"12,15-18:2",65.3759906443749
500,1,56,56,"12,15-18:2",103.8351759036663
500,1,56,56,20:0,332.03574362614376
500,1,56,56,20:0,527.3647023303923
500,1,56,56,"9,12,15-18:3",6179.0775611676
500,1,56,56,"9,12,15-18:3",9814.086167754926
500,1,56,56,22:0,217.16607193244238
500,1,56,56,22:0,344.9198560076216
500,1,56,56,23:0,17.754768494554938
500,1,56,56,23:0,28.19948870510323
500,1,56,56,24:0,344.4464852626347
500,1,56,56,24:0,547.0763966117069
500,1,56,56,15-24:1,65.88757969184303
500,1,56,56,15-24:1,104.6477209712157
500,1,56,56,di-16:0,44.10726954874312
500,1,56,56,di-16:0,70.05455744659113
500,1,56,56,26:0,15.66297323663227
500,1,56,56,26:0,24.877138612660787
500,1,57,57,14:0,31.396521038836944
500,1,57,57,14:0,28.589563767929622
500,1,57,57,15:0,54.518199489536755
500,1,57,57,15:0,49.64408441593878
500,1,57,57,16:0,5519.105435357593
500,1,57,57,16:0,5025.678373438283
500,1,57,57,9-16:1,1659.4396631850593
500,1,57,57,9-16:1,1511.0800337074027
500,1,57,57,17:0,1814.8677410815085
500,1,57,57,17:0,1652.6123053514673
500,1,57,57,"7,10-16:2",221.0333720887509
500,1,57,57,"7,10-16:2",201.27222625573899
500,1,57,57,18:0,499.197530409929
500,1,57,57,18:0,454.5675494043954
500,1,57,57,11-Me-12-18:1,1492.3434514929572
500,1,57,57,11-Me-12-18:1,1358.9227996736859
500,1,57,57,9-18:1,576.9799170972949
500,1,57,57,9-18:1,525.3959224419509
500,1,57,57,11-18:1,1381.6113458521136
500,1,57,57,11-18:1,1258.0905262042781
500,1,57,57,"9,12-18:2",8706.128486012554
500,1,57,57,"9,12-18:2",7927.770570973583
500,1,57,57,"12,15-18:2",62.9232377271253
500,1,57,57,"12,15-18:2",57.29768324519066
500,1,57,57,20:0,336.65714758177876
500,1,57,57,20:0,306.5588374206412
500,1,57,57,"9,12,15-18:3",8351.42264330462
500,1,57,57,"9,12,15-18:3",7604.776654022987
500,1,57,57,22:0,212.964476172455
500,1,57,57,22:0,193.92471746486453
500,1,57,57,23:0,25.27292085331558
500,1,57,57,23:0,23.013434559960718
500,1,57,57,24:0,367.2050646030819
500,1,57,57,24:0,334.37566529713257
500,1,57,57,15-24:1,78.28798776446837
500,1,57,57,15-24:1,71.28877163449174
500,1,57,57,di-16:0,29.168651942447124
500,1,57,57,di-16:0,26.560873852921254
500,1,57,57,26:0,10.953348428426452
500,1,57,57,26:0,9.97408129962829
500,1,58,58,14:0,47.046509849718966
500,1,58,58,15:0,62.39217404362431
500,1,58,58,16:0,5352.345555796845
500,1,58,58,9-16:1,2236.5000422640564
500,1,58,58,17:0,2384.5575141178388
500,1,58,58,"7,10-16:2",182.455996661224
500,1,58,58,18:0,504.10228948282156
500,1,58,58,11-Me-12-18:1,2718.659064738679
500,1,58,58,9-18:1,1349.8585768418588
500,1,58,58,11-18:1,1972.3751316329956
500,1,58,58,"9,12-18:2",7243.126822413446
500,1,58,58,"12,15-18:2",43.453827817428746
500,1,58,58,20:0,299.0280141721283
500,1,58,58,"9,12,15-18:3",8109.832510746056
500,1,58,58,22:0,366.8809976731526
500,1,58,58,23:0,11.092108444871126
500,1,58,58,24:0,748.7076669978013
500,1,58,58,15-24:1,91.73327709623624
500,1,58,58,di-16:0,31.963020801599797
500,1,58,58,26:0,25.273240253168346
500,1,59,59,14:0,35.750810173774916
500,1,59,59,15:0,56.220627337468905
500,1,59,59,16:0,5234.841813404328
500,1,59,59,9-16:1,2216.993044028808
500,1,59,59,17:0,2498.403575989784
500,1,59,59,"7,10-16:2",203.2183556013827
500,1,59,59,18:0,533.8265103144186
500,1,59,59,11-Me-12-18:1,1989.7930801977843
500,1,59,59,9-18:1,1394.840633027105
500,1,59,59,11-18:1,1927.320387587828
500,1,59,59,"9,12-18:2",8080.060530792133
500,1,59,59,"12,15-18:2",58.32774350129183
500,1,59,59,20:0,375.179091303411
500,1,59,59,"9,12,15-18:3",6691.509935970268
500,1,59,59,22:0,421.9548067090539
500,1,59,59,23:0,12.628422421473923
500,1,59,59,24:0,513.4521112964209
500,1,59,59,15-24:1,127.63563268132071
500,1,59,59,di-16:0,19.792240945132068
500,1,59,59,26:0,40.319537060227375
500,1,60,60,14:0,55.315224053405444
500,1,60,60,15:0,42.27004211666472
500,1,60,60,16:0,5560.755701918663
500,1,60,60,9-16:1,2285.9706046364236
500,1,60,60,17:0,2026.8738870001628
500,1,60,60,"7,10-16:2",244.6827649818613
500,1,60,60,18:0,776.7532138237426
500,1,60,60,11-Me-12-18:1,2077.3739117635737
500,1,60,60,9-18:1,1370.5930713387156
500,1,60,60,11-18:1,1913.8280509553124
500,1,60,60,"9,12-18:2",7751.566313145194
500,1,60,60,"12,15-18:2",82.0280922844354
500,1,60,60,20:0,549.6288329066705
500,1,60,60,"9,12,15-18:3",8371.50190083405
500,1,60,60,22:0,283.67022351074286
500,1,60,60,23:0,21.005687609010735
500,1,60,60,24:0,505.5257905352908
500,1,60,60,15-24:1,116.16473746536647
500,1,60,60,di-16:0,43.54421924069163
500,1,60,60,26:0,26.38852610685308
500,5,91,28,14:0,22.66930797354895
500,5,91,28,15:0,49.32562517427777
500,5,91,28,16:0,2786.2399959850572
500,5,91,28,9-16:1,1774.2382126382558
500,5,91,28,17:0,2849.0158152235754
500,5,91,28,"7,10-16:2",88.2764048865628
500,5,91,28,18:0,308.2266860749518
500,5,91,28,11-Me-12-18:1,1255.533713239554
500,5,91,28,9-18:1,1645.62119364844
500,5,91,28,11-18:1,1904.931469005369
500,5,91,28,"9,12-18:2",6152.110442288808
500,5,91,28,"12,15-18:2",97.6007447553872
500,5,91,28,20:0,153.89663607008598
500,5,91,28,"9,12,15-18:3",3298.59793136665
500,5,91,28,22:0,76.0085118165042
500,5,91,28,23:0,12.387186728769954
500,5,91,28,24:0,160.77463295481752
500,5,91,28,15-24:1,36.58539694027803
500,5,91,28,di-16:0,21.464722502290826
500,5,91,28,26:0,6.442503267440875
500,5,92,29,14:0,33.20491186173221
500,5,92,29,15:0,38.91980210759912
500,5,92,29,16:0,3797.1807612350644
500,5,92,29,9-16:1,1791.6923214604942
500,5,92,29,17:0,3084.50357230845
500,5,92,29,"7,10-16:2",69.73650679875509
500,5,92,29,18:0,414.7912494331699
500,5,92,29,11-Me-12-18:1,1497.8641299625674
500,5,92,29,9-18:1,1896.0052635586958
500,5,92,29,11-18:1,1638.0464806499506
500,5,92,29,"9,12-18:2",8779.925663375838
500,5,92,29,"12,15-18:2",62.98850562961383
500,5,92,29,20:0,198.61232415559556
500,5,92,29,"9,12,15-18:3",3755.824414886293
500,5,92,29,22:0,122.80843031640991
500,5,92,29,23:0,8.672920602684421
500,5,92,29,24:0,269.5584761065711
500,5,92,29,15-24:1,37.50531668338918
500,5,92,29,di-16:0,27.893724740805418
500,5,92,29,26:0,22.70780556238604
500,5,93,30,14:0,30.09477418385766
500,5,93,30,15:0,52.25694598121105
500,5,93,30,16:0,3685.820557744919
500,5,93,30,9-16:1,1752.5456576749862
500,5,93,30,17:0,2954.3979706212026
500,5,93,30,"7,10-16:2",76.73762465315122
500,5,93,30,18:0,423.30565471631286
500,5,93,30,11-Me-12-18:1,1520.863697127246
500,5,93,30,9-18:1,1859.0431916000402
500,5,93,30,11-18:1,1643.9161288895577
500,5,93,30,"9,12-18:2",8498.969317436686
500,5,93,30,"12,15-18:2",63.7324232231088
500,5,93,30,20:0,221.32647542621652
500,5,93,30,"9,12,15-18:3",3616.097391852808
500,5,93,30,22:0,106.65994502321874
500,5,93,30,23:0,14.500586288882886
500,5,93,30,24:0,256.08954086938354
500,5,93,30,15-24:1,44.12736303835321
500,5,93,30,di-16:0,22.007749550551395
500,5,93,30,26:0,23.61111674336812
500,5,94,64,14:0,39.27060710466854
500,5,94,64,15:0,44.61690543616598
500,5,94,64,16:0,3496.898135277774
500,5,94,64,9-16:1,1973.715273556523
500,5,94,64,17:0,2086.492792267311
500,5,94,64,"7,10-16:2",92.08864286997893
500,5,94,64,18:0,369.39620989059176
500,5,94,64,11-Me-12-18:1,1116.7317081917208
500,5,94,64,9-18:1,2515.655360619413
500,5,94,64,11-18:1,1977.561312635103
500,5,94,64,"9,12-18:2",7992.143917600621
500,5,94,64,"12,15-18:2",146.91848249620804
500,5,94,64,20:0,488.7744565492134
500,5,94,64,"9,12,15-18:3",3424.9541122832566
500,5,94,64,22:0,296.8285118978118
500,5,94,64,23:0,15.039345383601347
500,5,94,64,24:0,253.96469681791234
500,5,94,64,15-24:1,59.66953299145185
500,5,94,64,di-16:0,34.5325413141768
500,5,94,64,26:0,12.827665107853578
500,5,95,65,14:0,45.11113262797287
500,5,95,65,15:0,55.82519661034374
500,5,95,65,16:0,4150.9856657508135
500,5,95,65,9-16:1,2082.487192333829
500,5,95,65,17:0,2133.4242140240267
500,5,95,65,"7,10-16:2",136.2411650765448
500,5,95,65,18:0,662.6015279468938
500,5,95,65,11-Me-12-18:1,2152.364679669643
500,5,95,65,9-18:1,1336.6976521300423
500,5,95,65,11-18:1,1775.5443081331346
500,5,95,65,"9,12-18:2",9096.116744027262
500,5,95,65,"12,15-18:2",108.59736270810215
500,5,95,65,20:0,477.1425651600146
500,5,95,65,"9,12,15-18:3",5084.997795258916
500,5,95,65,22:0,219.82883823826396
500,5,95,65,23:0,12.992642730494104
500,5,95,65,24:0,345.2332141851431
500,5,95,65,15-24:1,79.53014094522554
500,5,95,65,di-16:0,63.67992280864314
500,5,95,65,26:0,15.701654238675033
500,5,96,66,14:0,59.21433000103427
500,5,96,66,15:0,8.177479861922238
500,5,96,66,16:0,4622.014150905584
500,5,96,66,9-16:1,2351.0096446676075
500,5,96,66,17:0,1865.871833084948
500,5,96,66,"7,10-16:2",112.56365499427304
500,5,96,66,18:0,497.38467589986175
500,5,96,66,11-Me-12-18:1,1649.5064851756151
500,5,96,66,9-18:1,2991.952726068642
500,5,96,66,11-18:1,2942.3607065847914
500,5,96,66,"9,12-18:2",10539.173365519775
500,5,96,66,"12,15-18:2",101.42277135338769
500,5,96,66,20:0,422.07355224649365
500,5,96,66,"9,12,15-18:3",5241.170291098794
500,5,96,66,22:0,237.5003868206025
500,5,96,66,23:0,10.384487059261867
500,5,96,66,24:0,315.20797029402735
500,5,96,66,15-24:1,79.82624451845669
500,5,96,66,di-16:0,32.68389759869886
500,5,96,66,26:0,34.164815439490695
750,1,61,61,14:0,46.25572378180881
750,1,61,61,15:0,82.57527665130566
750,1,61,61,16:0,6417.69301139146
750,1,61,61,9-16:1,3295.131564646731
750,1,61,61,17:0,4221.173297370198
750,1,61,61,"7,10-16:2",339.21186334479756
750,1,61,61,18:0,1241.5564436511736
750,1,61,61,11-Me-12-18:1,2698.5873516181814
750,1,61,61,9-18:1,1800.6193606780253
750,1,61,61,11-18:1,2061.200518391283
750,1,61,61,"9,12-18:2",8557.37458209983
750,1,61,61,"12,15-18:2",253.75824250260297
750,1,61,61,20:0,661.6651098304443
750,1,61,61,"9,12,15-18:3",8690.146591058245
750,1,61,61,22:0,508.52421223368384
750,1,61,61,23:0,21.99862661846899
750,1,61,61,24:0,1065.2837646374899
750,1,61,61,15-24:1,166.27225610870173
750,1,61,61,di-16:0,100.351706391489
750,1,61,61,26:0,48.52392099241522
750,1,62,62,14:0,55.89910197949275
750,1,62,62,15:0,80.8283880493154
750,1,62,62,16:0,7260.053391637455
750,1,62,62,9-16:1,3361.720330899583
750,1,62,62,17:0,4020.552344251768
750,1,62,62,"7,10-16:2",314.73651280093736
750,1,62,62,18:0,1016.7081660560877
750,1,62,62,11-Me-12-18:1,2778.4573706268147
750,1,62,62,9-18:1,3613.661736575611
750,1,62,62,11-18:1,3123.415602820778
750,1,62,62,"9,12-18:2",10448.67343555215
750,1,62,62,"12,15-18:2",176.0741918428137
750,1,62,62,20:0,901.4310033157491
750,1,62,62,"9,12,15-18:3",11282.458221739835
750,1,62,62,22:0,474.16621586420536
750,1,62,62,23:0,13.32949489020878
750,1,62,62,24:0,791.6418303598847
750,1,62,62,15-24:1,179.91774582161412
750,1,62,62,di-16:0,124.65560365041547
750,1,62,62,26:0,36.17405481848559
750,1,63,63,14:0,56.13068991608033
750,1,63,63,15:0,77.02205466626589
750,1,63,63,16:0,7045.317279042661
750,1,63,63,9-16:1,2775.1167745818984
750,1,63,63,17:0,4972.200158856237
750,1,63,63,"7,10-16:2",223.47385032152263
750,1,63,63,18:0,1047.3816225068745
750,1,63,63,11-Me-12-18:1,2214.742380463412
750,1,63,63,9-18:1,3511.6051314447463
750,1,63,63,11-18:1,2914.791663091118
750,1,63,63,"9,12-18:2",11151.46623554142
750,1,63,63,"12,15-18:2",169.84943670720156
750,1,63,63,20:0,914.7687003292347
750,1,63,63,"9,12,15-18:3",10804.249508362882
750,1,63,63,22:0,461.7618159825597
750,1,63,63,23:0,6.99384088203265
750,1,63,63,24:0,764.094411174878
750,1,63,63,15-24:1,160.4606046450356
750,1,63,63,di-16:0,134.86332693720422
750,1,63,63,26:0,40.002152155199624
750,1,64,64,14:0,64.97758605243739
750,1,64,64,15:0,68.70500531200761
750,1,64,64,16:0,6534.790361219262
750,1,64,64,9-16:1,2732.984962568794
750,1,64,64,17:0,2802.148612354523
750,1,64,64,"7,10-16:2",335.8589801415569
750,1,64,64,18:0,938.3539707279855
750,1,64,64,11-Me-12-18:1,3018.4918949533935
750,1,64,64,9-18:1,1977.989097988272
750,1,64,64,11-18:1,1856.416470447065
750,1,64,64,"9,12-18:2",8883.233751037162
750,1,64,64,"12,15-18:2",148.23187150008346
750,1,64,64,20:0,405.3241110022514
750,1,64,64,"9,12,15-18:3",9984.97240369432
750,1,64,64,22:0,381.3946090519585
750,1,64,64,23:0,17.67967277968503
750,1,64,64,24:0,859.7053248227936
750,1,64,64,15-24:1,143.05684002732846
750,1,64,64,di-16:0,79.27659302187476
750,1,64,64,26:0,42.148072084739304
750,1,65,65,14:0,57.524380683070106
750,1,65,65,15:0,105.35259516530377
750,1,65,65,16:0,7808.797740300242
750,1,65,65,9-16:1,3271.2880587901295
750,1,65,65,17:0,5314.091680814943
750,1,65,65,"7,10-16:2",420.60024074771644
750,1,65,65,18:0,1036.2953183502466
750,1,65,65,11-Me-12-18:1,3046.0555555724027
750,1,65,65,9-18:1,1734.6002573499827
750,1,65,65,11-18:1,2643.3351234573443
750,1,65,65,"9,12-18:2",12212.014274046418
750,1,65,65,"12,15-18:2",181.1522373299154
750,1,65,65,20:0,588.727683144815
750,1,65,65,"9,12,15-18:3",12078.664417461707
750,1,65,65,22:0,432.4267068916683
750,1,65,65,23:0,20.805275125063673
750,1,65,65,24:0,661.5301751216123
750,1,65,65,15-24:1,125.58185174694167
750,1,65,65,di-16:0,52.20650919898556
750,1,65,65,26:0,43.687457072022504
750,1,66,66,14:0,72.96005693737736
750,1,66,66,15:0,92.83340291940931
750,1,66,66,16:0,7571.911105197472
750,1,66,66,9-16:1,3356.2711234107715
750,1,66,66,17:0,3106.6997518610433
750,1,66,66,"7,10-16:2",412.21989531564344
750,1,66,66,18:0,1026.215148752488
750,1,66,66,11-Me-12-18:1,2553.761948709509
750,1,66,66,9-18:1,1952.290224393438
750,1,66,66,11-18:1,3102.6060444003065
750,1,66,66,"9,12-18:2",10858.081075599534
750,1,66,66,"12,15-18:2",199.439881434096
750,1,66,66,20:0,857.7690325119677
750,1,66,66,"9,12,15-18:3",11861.255323290774
750,1,66,66,22:0,575.456268313583
750,1,66,66,23:0,25.063059122905656
750,1,66,66,24:0,564.6248318878164
750,1,66,66,15-24:1,131.87472617347956
750,1,66,66,di-16:0,167.59916109892063
750,1,66,66,26:0,19.698876594494898
750,5,100,31,14:0,21.527791051438538
750,5,100,31,15:0,31.919965974201116
750,5,100,31,16:0,2772.3623443578203
750,5,100,31,9-16:1,1365.5562849837968
750,5,100,31,17:0,3631.1958003422374
750,5,100,31,"7,10-16:2",66.50936498155086
750,5,100,31,18:0,430.27932979946684
750,5,100,31,11-Me-12-18:1,1722.8564648473337
750,5,100,31,9-18:1,1207.2564478381512
750,5,100,31,11-18:1,997.8641764259252
750,5,100,31,"9,12-18:2",6236.791235418324
750,5,100,31,"12,15-18:2",90.0447990548525
750,5,100,31,20:0,161.95952794942826
750,5,100,31,"9,12,15-18:3",2659.7687523879194
750,5,100,31,22:0,121.67969969852707
750,5,100,31,23:0,3.081470990223089
750,5,100,31,24:0,332.5187602575078
750,5,100,31,15-24:1,48.861640523883764
750,5,100,31,di-16:0,21.315794343597304
750,5,100,31,26:0,29.1885573036726
750,5,101,32,14:0,29.01352519128973
750,5,101,32,15:0,38.94531212900681
750,5,101,32,16:0,3499.999324328322
750,5,101,32,9-16:1,2091.9655259330484
750,5,101,32,17:0,1911.392018564319
750,5,101,32,"7,10-16:2",65.18905569623958
750,5,101,32,18:0,357.4191732384385
750,5,101,32,11-Me-12-18:1,1938.0575387276463
750,5,101,32,9-18:1,4188.8440455362825
750,5,101,32,11-18:1,1702.405621344079
750,5,101,32,"9,12-18:2",7062.011319749047
750,5,101,32,"12,15-18:2",100.58067338102212
750,5,101,32,20:0,185.4678598152086
750,5,101,32,"9,12,15-18:3",3393.6500382962613
750,5,101,32,22:0,183.09240836536367
750,5,101,32,23:0,9.790730411291213
750,5,101,32,24:0,286.68192066946006
750,5,101,32,15-24:1,54.80087489676825
750,5,101,32,di-16:0,23.2804409376979
750,5,101,32,26:0,24.50274110914519
750,5,102,33,14:0,41.50861624779
750,5,102,33,15:0,7.579012422681106
750,5,102,33,16:0,4471.020060141359
750,5,102,33,9-16:1,2156.8421515684704
750,5,102,33,17:0,1895.763302141062
750,5,102,33,"7,10-16:2",110.06282715678182
750,5,102,33,18:0,508.1786302759239
750,5,102,33,11-Me-12-18:1,1841.9949527476429
750,5,102,33,9-18:1,2898.711442646052
750,5,102,33,11-18:1,2061.4671692470656
750,5,102,33,"9,12-18:2",9162.905534330028
750,5,102,33,"12,15-18:2",147.21623546087375
750,5,102,33,20:0,317.00583731163516
750,5,102,33,"9,12,15-18:3",5060.943293209959
750,5,102,33,22:0,216.55012432540607
750,5,102,33,23:0,12.481550829613308
750,5,102,33,24:0,335.23426948528515
750,5,102,33,15-24:1,82.18149850956847
750,5,102,33,di-16:0,33.80944502742217
750,5,102,33,26:0,27.055405176198228
750,5,97,67,14:0,20.444176047360944
750,5,97,67,15:0,30.888222418881828
750,5,97,67,16:0,3067.850590534318
750,5,97,67,9-16:1,1766.830099534779
750,5,97,67,17:0,2648.2221799183535
750,5,97,67,"7,10-16:2",69.57286897197302
750,5,97,67,18:0,526.2951093937116
750,5,97,67,11-Me-12-18:1,1191.399121032627
750,5,97,67,9-18:1,3317.6670569519524
750,5,97,67,11-18:1,2062.7875485810023
750,5,97,67,"9,12-18:2",7226.972167850301
750,5,97,67,"12,15-18:2",87.09839845088487
750,5,97,67,20:0,270.3971781336595
750,5,97,67,"9,12,15-18:3",3683.4932968343755
750,5,97,67,22:0,139.97013331680702
750,5,97,67,23:0,8.619807270811302
750,5,97,67,24:0,281.5256146169044
750,5,97,67,15-24:1,36.12262795615438
750,5,97,67,di-16:0,38.79373996505664
750,5,97,67,26:0,36.206433844375965
750,5,98,68,14:0,27.52470430316677
750,5,98,68,15:0,41.334294986832106
750,5,98,68,16:0,3160.3257851763815
750,5,98,68,9-16:1,1978.8224364194202
750,5,98,68,17:0,2405.102197633318
750,5,98,68,"7,10-16:2",76.06473285102557
750,5,98,68,18:0,434.84600250704364
750,5,98,68,11-Me-12-18:1,1188.6076599744356
750,5,98,68,9-18:1,3334.6039221556207
750,5,98,68,11-18:1,2028.9480355830744
750,5,98,68,"9,12-18:2",7663.238133682037
750,5,98,68,"12,15-18:2",66.43015203907697
750,5,98,68,20:0,404.5450416483539
750,5,98,68,"9,12,15-18:3",3305.2948461488113
750,5,98,68,22:0,209.7345259856246
750,5,98,68,23:0,13.032897310166279
750,5,98,68,24:0,243.99127335896873
750,5,98,68,15-24:1,62.05296957165955
750,5,98,68,di-16:0,48.77935520698986
750,5,98,68,26:0,15.109476742214676
750,5,99,69,14:0,38.63666205260928
750,5,99,69,15:0,51.59958568722451
750,5,99,69,16:0,3542.979912272132
750,5,99,69,9-16:1,1767.7968798054605
750,5,99,69,17:0,1866.0108800953874
750,5,99,69,"7,10-16:2",100.08968708076972
750,5,99,69,18:0,460.8253380478095
750,5,99,69,11-Me-12-18:1,1262.6091611697518
750,5,99,69,9-18:1,2562.352937044051
750,5,99,69,11-18:1,1789.8954699047326
750,5,99,69,"9,12-18:2",7131.074391364858
750,5,99,69,"12,15-18:2",183.0144792153541
750,5,99,69,20:0,367.09693353578507
750,5,99,69,"9,12,15-18:3",4431.670374233399
750,5,99,69,22:0,252.5836343933021
750,5,99,69,23:0,11.502245528597687
750,5,99,69,24:0,271.75681640726344
750,5,99,69,15-24:1,64.96075278327828
750,5,99,69,di-16:0,37.55057658687691
750,5,99,69,26:0,33.123802606105414
1000,1,67,67,14:0,102.91558358471175
1000,1,67,67,15:0,103.7876246810677
1000,1,67,67,16:0,9223.987481533659
1000,1,67,67,9-16:1,4356.5803713661835
1000,1,67,67,17:0,4338.748104829979
1000,1,67,67,"7,10-16:2",583.2293356448432
1000,1,67,67,18:0,1909.1943973184248
1000,1,67,67,11-Me-12-18:1,4192.121834676525
1000,1,67,67,9-18:1,2278.1420518284845
1000,1,67,67,11-18:1,3450.914003842546
1000,1,67,67,"9,12-18:2",11801.084438228156
1000,1,67,67,"12,15-18:2",137.6979069184505
1000,1,67,67,20:0,887.5113419226641
1000,1,67,67,"9,12,15-18:3",14016.508465648156
1000,1,67,67,22:0,446.5484788763154
1000,1,67,67,23:0,27.355790264257685
1000,1,67,67,24:0,961.726817325188
1000,1,67,67,15-24:1,169.83138386823384
1000,1,67,67,di-16:0,97.27675062050548
1000,1,67,67,26:0,40.80312052730589
1000,1,68,68,14:0,76.32804994681673
1000,1,68,68,15:0,78.58626838379186
1000,1,68,68,16:0,7022.786924936048
1000,1,68,68,9-16:1,3244.793453815303
1000,1,68,68,17:0,3529.2459478506007
1000,1,68,68,"7,10-16:2",289.34359847772913
1000,1,68,68,18:0,1051.8356490238891
1000,1,68,68,11-Me-12-18:1,2960.9726878518836
1000,1,68,68,9-18:1,3336.6929481972397
1000,1,68,68,11-18:1,2851.8117267806247
1000,1,68,68,"9,12-18:2",9489.059962965704
1000,1,68,68,"12,15-18:2",144.56771163471734
1000,1,68,68,20:0,871.178677207409
1000,1,68,68,"9,12,15-18:3",9939.719494856536
1000,1,68,68,22:0,559.4819192623656
1000,1,68,68,23:0,25.26129857081888
1000,1,68,68,24:0,754.9884458671119
1000,1,68,68,15-24:1,193.19767548294266
1000,1,68,68,di-16:0,121.93432127624114
1000,1,68,68,26:0,57.6877353653371
1000,1,69,69,14:0,45.161977416262275
1000,1,69,69,15:0,55.71666582666789
1000,1,69,69,16:0,5129.319536641949
1000,1,69,69,9-16:1,2147.0791321087027
1000,1,69,69,17:0,2216.1743555703074
1000,1,69,69,"7,10-16:2",209.37521545568868
1000,1,69,69,18:0,699.7294407360399
1000,1,69,69,11-Me-12-18:1,2535.982839774246
1000,1,69,69,9-18:1,1754.9821471362418
1000,1,69,69,11-18:1,1567.0908028066747
1000,1,69,69,"9,12-18:2",7475.994441335862
1000,1,69,69,"12,15-18:2",132.7162018836695
1000,1,69,69,20:0,668.7309251075408
1000,1,69,69,"9,12,15-18:3",7398.0922939315815
1000,1,69,69,22:0,505.1400033650507
1000,1,69,69,23:0,16.902935019293757
1000,1,69,69,24:0,718.3727027952594
1000,1,69,69,15-24:1,176.00528303111113
1000,1,69,69,di-16:0,39.86250214991383
1000,1,69,69,26:0,47.12526160143296
1000,1,70,70,14:0,53.58458345204623
1000,1,70,70,15:0,79.19263961048145
1000,1,70,70,16:0,5924.853303694975
1000,1,70,70,9-16:1,2806.4773464168866
1000,1,70,70,17:0,2856.002281151983
1000,1,70,70,"7,10-16:2",273.10865952244393
1000,1,70,70,18:0,724.6434586722455
1000,1,70,70,11-Me-12-18:1,2865.6677350229033
1000,1,70,70,9-18:1,2150.552015119222
1000,1,70,70,11-18:1,2137.705997457077
1000,1,70,70,"9,12-18:2",9638.170915610806
1000,1,70,70,"12,15-18:2",101.99757340102086
1000,1,70,70,20:0,537.5497011502569
1000,1,70,70,"9,12,15-18:3",7571.940510211533
1000,1,70,70,22:0,407.270040393028
1000,1,70,70,23:0,17.315732474321297
1000,1,70,70,24:0,785.5252004788559
1000,1,70,70,15-24:1,132.7074065598621
1000,1,70,70,di-16:0,66.35203105078575
1000,1,70,70,26:0,36.7973791332274
1000,1,71,71,14:0,49.71047282533976
1000,1,71,71,15:0,82.8894219911911
1000,1,71,71,16:0,7081.929206330131
1000,1,71,71,9-16:1,2531.3658806413177
1000,1,71,71,17:0,3120.249221183802
1000,1,71,71,"7,10-16:2",218.87679423223693
1000,1,71,71,18:0,838.7873083042291
1000,1,71,71,11-Me-12-18:1,2576.9778982730113
1000,1,71,71,9-18:1,4502.925676769041
1000,1,71,71,11-18:1,2208.5009720508074
1000,1,71,71,"9,12-18:2",11626.07374754854
1000,1,71,71,"12,15-18:2",121.36815569110226
1000,1,71,71,20:0,522.3817690857226
1000,1,71,71,"9,12,15-18:3",8681.16527745471
1000,1,71,71,22:0,441.07122188959664
1000,1,71,71,23:0,27.811867826513108
1000,1,71,71,24:0,911.2606122512207
1000,1,71,71,15-24:1,149.57182775136906
1000,1,71,71,di-16:0,68.98502160888205
1000,1,71,71,26:0,36.714251885624556
1000,1,72,72,14:0,64.69152882199172
1000,1,72,72,15:0,39.34148114828104
1000,1,72,72,16:0,6952.482216138418
1000,1,72,72,9-16:1,2715.250685394296
1000,1,72,72,17:0,3035.151515151517
1000,1,72,72,"7,10-16:2",245.07360251510588
1000,1,72,72,18:0,973.6760777047338
1000,1,72,72,11-Me-12-18:1,3187.842540701283
1000,1,72,72,9-18:1,3552.8852966052978
1000,1,72,72,11-18:1,2506.9205265331575
1000,1,72,72,"9,12-18:2",10766.783503529901
1000,1,72,72,"12,15-18:2",139.19947290237678
1000,1,72,72,20:0,705.255673644551
1000,1,72,72,"9,12,15-18:3",9182.335675324453
1000,1,72,72,22:0,493.4554934662938
1000,1,72,72,23:0,32.24717493967953
1000,1,72,72,24:0,867.7294059521628
1000,1,72,72,15-24:1,159.7069912380576
1000,1,72,72,di-16:0,53.90166348233922
1000,1,72,72,26:0,43.7521670536148
1000,5,103,34,14:0,0.0
1000,5,103,34,15:0,16.604987720404996
1000,5,103,34,16:0,1046.033286189273
1000,5,103,34,9-16:1,554.0296386686178
1000,5,103,34,17:0,3340.2254385379842
1000,5,103,34,"7,10-16:2",33.04300648857879
1000,5,103,34,18:0,210.21925011989757
1000,5,103,34,11-Me-12-18:1,546.6971311955768
1000,5,103,34,9-18:1,864.9416962254022
1000,5,103,34,11-18:1,813.784465662276
1000,5,103,34,"9,12-18:2",1381.5996134737
1000,5,103,34,"12,15-18:2",117.30338226799834
1000,5,103,34,20:0,128.98464487354465
1000,5,103,34,"9,12,15-18:3",1057.5552373246387
1000,5,103,34,22:0,37.08526255210371
1000,5,103,34,23:0,0.0
1000,5,103,34,24:0,94.93375122929928
1000,5,103,34,15-24:1,10.638346746284435
1000,5,103,34,di-16:0,11.57888838388235
1000,5,103,34,26:0,0.0
1000,5,104,35,14:0,23.461655643468394
1000,5,104,35,15:0,33.67980223811977
1000,5,104,35,16:0,2427.9430822398367
1000,5,104,35,9-16:1,1350.5419642618288
1000,5,104,35,17:0,4352.511733008865
1000,5,104,35,"7,10-16:2",52.08051334252622
1000,5,104,35,18:0,359.7732417058802
1000,5,104,35,11-Me-12-18:1,1079.1500586856046
1000,5,104,35,9-18:1,4637.140659858647
1000,5,104,35,11-18:1,1720.4109295328124
1000,5,104,35,"9,12-18:2",5333.550229082045
1000,5,104,35,"12,15-18:2",109.18622682969419
1000,5,104,35,20:0,284.545373502417
1000,5,104,35,"9,12,15-18:3",2595.813878366353
1000,5,104,35,22:0,142.33133140750687
1000,5,104,35,23:0,0.022184131021716916
1000,5,104,35,24:0,229.09005485036892
1000,5,104,35,15-24:1,56.571485824150514
1000,5,104,35,di-16:0,22.64486794049674
1000,5,104,35,26:0,19.119399108636657
1000,5,105,36,14:0,0.0
1000,5,105,36,15:0,31.390566245370337
1000,5,105,36,16:0,1977.4526616865176
1000,5,105,36,9-16:1,1047.3542267757646
1000,5,105,36,17:0,6314.462236792335
1000,5,105,36,"7,10-16:2",62.465489381321625
1000,5,105,36,18:0,397.4047682571712
1000,5,105,36,11-Me-12-18:1,1033.4926349786008
1000,5,105,36,9-18:1,1635.1116948061351
1000,5,105,36,11-18:1,1538.4025335612791
1000,5,105,36,"9,12-18:2",2611.817299812279
1000,5,105,36,"12,15-18:2",221.7538280600302
1000,5,105,36,20:0,243.83643684138892
1000,5,105,36,"9,12,15-18:3",1999.2341032919314
1000,5,105,36,22:0,70.1070913432973
1000,5,105,36,23:0,0.0
1000,5,105,36,24:0,179.46560738631752
1000,5,105,36,15-24:1,20.11104939692883
1000,5,105,36,di-16:0,21.889077485758175
1000,5,105,36,26:0,0.0
1000,5,106,70,14:0,45.45483360292896
1000,5,106,70,15:0,61.402696085980324
1000,5,106,70,16:0,3491.0130913710555
1000,5,106,70,9-16:1,2467.141711437167
1000,5,106,70,17:0,2716.4243870687787
1000,5,106,70,"7,10-16:2",130.01965564175882
1000,5,106,70,18:0,479.99944570177513
1000,5,106,70,11-Me-12-18:1,1495.5636261712534
1000,5,106,70,9-18:1,4421.72337656367
1000,5,106,70,11-18:1,2634.1802010546717
1000,5,106,70,"9,12-18:2",6004.081443070264
1000,5,106,70,"12,15-18:2",170.46694710555414
1000,5,106,70,20:0,604.6128449334315
1000,5,106,70,"9,12,15-18:3",4812.369918565668
1000,5,106,70,22:0,350.65479716955076
1000,5,106,70,23:0,9.119068424565342
1000,5,106,70,24:0,247.96002907728737
1000,5,106,70,15-24:1,80.78720479018112
1000,5,106,70,di-16:0,88.9252554607936
1000,5,106,70,26:0,12.459581189469864
1000,5,107,71,14:0,39.77923552225139
1000,5,107,71,15:0,44.27667319235159
1000,5,107,71,16:0,3142.3252160288357
1000,5,107,71,9-16:1,1878.627538301757
1000,5,107,71,17:0,2257.177626538063
1000,5,107,71,"7,10-16:2",76.51507028283473
1000,5,107,71,18:0,510.89722254791604
1000,5,107,71,11-Me-12-18:1,1039.9680882017774
1000,5,107,71,9-18:1,4848.845750206587
1000,5,107,71,11-18:1,2308.363551685576
1000,5,107,71,"9,12-18:2",6867.460947297396
1000,5,107,71,"12,15-18:2",133.151059084969
1000,5,107,71,20:0,621.6172481766353
1000,5,107,71,"9,12,15-18:3",3678.761286909279
1000,5,107,71,22:0,308.9967203320289
1000,5,107,71,23:0,8.381919469480131
1000,5,107,71,24:0,275.6374298817146
1000,5,107,71,15-24:1,72.82263282180075
1000,5,107,71,di-16:0,20.748578881194682
1000,5,107,71,26:0,31.199907909997613
1000,5,108,72,14:0,35.59125480533256
1000,5,108,72,15:0,43.82018309390934
1000,5,108,72,16:0,2872.2191245543495
1000,5,108,72,9-16:1,1990.763766745259
1000,5,108,72,17:0,1552.2425068964446
1000,5,108,72,"7,10-16:2",102.58842082888567
1000,5,108,72,18:0,350.90712742707643
1000,5,108,72,11-Me-12-18:1,1009.6588465974812
1000,5,108,72,9-18:1,4405.0184723954335
1000,5,108,72,11-18:1,2511.8167540760237
1000,5,108,72,"9,12-18:2",6966.204272229364
1000,5,108,72,"12,15-18:2",111.79801988364531
1000,5,108,72,20:0,321.3673803979364
1000,5,108,72,"9,12,15-18:3",3363.0495312038447
1000,5,108,72,22:0,148.97871929052405
1000,5,108,72,23:0,6.431439250141186
1000,5,108,72,24:0,146.0588411820516
1000,5,108,72,15-24:1,38.745293934809986
1000,5,108,72,di-16:0,89.27007493627949
1000,5,108,72,26:0,9.88051355717393
