Ni,Week,Plant,Sample,FattyAcid,ppm,log1p_ppm
0,1,37,37,14:0,20.72321487329991,3.07838149853717
0,1,37,37,15:0,16.02518037579734,2.834693446739942
0,1,37,37,16:0,1724.1973908316695,7.453096752386543
0,1,37,37,9-16:1,530.8523727534031,6.2763659560084015
0,1,37,37,"7,10-16:2",55.37728175419923,4.032066271579365
0,1,37,37,18:0,305.72791416651256,5.725961081541763
0,1,37,37,11-Me-12-18:1,790.7147444963489,6.674201155846772
0,1,37,37,9-18:1,100.9891944000877,4.624866870418482
0,1,37,37,11-18:1,542.9072338446035,6.298778706293779
0,1,37,37,"9,12-18:2",2059.823010766815,7.6308607017865615
0,1,37,37,"12,15-18:2",17.231962617892826,2.903176241584372
0,1,37,37,20:0,234.75370282019907,5.462787627944617
0,1,37,37,"9,12,15-18:3",2414.214642135601,7.78954344086829
0,1,37,37,22:0,213.62168180749745,5.368876858678778
0,1,37,37,23:0,5.224296079450704,1.828460356350478
0,1,37,37,24:0,329.52995422011236,5.800697288226003
0,1,37,37,15-24:1,43.74919369913897,3.8010734266622044
0,1,37,37,di-16:0,22.042335958013926,3.137333217754946
0,1,37,37,26:0,19.009705276935506,2.996217419698342
0,1,38,38,14:0,42.393175911763336,3.770302191687173
0,1,38,38,15:0,97.29695851892566,4.587993085870026
0,1,38,38,16:0,5643.901822462748,8.638508084486151
0,1,38,38,9-16:1,3049.179537108625,8.022955732494783
0,1,38,38,"7,10-16:2",428.5605612775684,6.0627627356228535
0,1,38,38,18:0,2201.599666949975,7.697393608523157
0,1,38,38,11-Me-12-18:1,2411.4731185882224,7.788407690596958
0,1,38,38,9-18:1,286.96090540200504,5.6628247257898146
0,1,38,38,11-18:1,2091.6630779662364,7.646192733838835
0,1,38,38,"9,12-18:2",6162.701184102566,8.72643271766963
0,1,38,38,"12,15-18:2",212.58807432090737,5.364049273696427
0,1,38,38,20:0,903.0370291897193,6.80687032104633
0,1,38,38,"9,12,15-18:3",9905.55382361209,9.20095181948082
0,1,38,38,22:0,682.591500927805,6.527360518349351
0,1,38,38,23:0,11.849216320073461,2.5532828227167492
0,1,38,38,24:0,916.4962263715503,6.821648466973728
0,1,38,38,15-24:1,102.32313133375443,4.637861274908868
0,1,38,38,di-16:0,71.1485033583381,4.2787265415305535
0,1,38,38,26:0,23.097540246997298,3.1821097708477337
0,1,39,39,14:0,54.33848996333252,4.013468687454738
0,1,39,39,15:0,97.1121227430896,4.5861109342993
0,1,39,39,16:0,6389.642864689815,8.762590147114045
0,1,39,39,9-16:1,2574.253833592181,7.85370338439183
0,1,39,39,"7,10-16:2",195.82850315931643,5.282332807257456
0,1,39,39,18:0,1298.5132569759126,7.169745055626979
0,1,39,39,11-Me-12-18:1,2178.005221666263,7.68662373130075
0,1,39,39,9-18:1,587.2852262859174,6.377211909003525
0,1,39,39,11-18:1,1814.9310229559846,7.504353575486115
0,1,39,39,"9,12-18:2",7407.698786440723,8.910410100500558
0,1,39,39,"12,15-18:2",46.305319381468564,3.856622749670844
0,1,39,39,20:0,388.93462063355446,5.9659790856694945
0,1,39,39,"9,12,15-18:3",9456.021308589072,9.154512740221081
0,1,39,39,22:0,182.9716288724753,5.214781554809885
0,1,39,39,23:0,13.107793862625217,2.6467274008852337
0,1,39,39,24:0,396.0084854004006,5.9839576542633095
0,1,39,39,15-24:1,79.31175050295955,4.385915942787124
0,1,39,39,di-16:0,48.66481321732805,3.9052966988091056
0,1,39,39,26:0,25.123011319160014,3.2628165856329265
0,1,40,40,14:0,38.66587131649286,3.680491153397681
0,1,40,40,15:0,52.21532875153836,3.9743464892722593
0,1,40,40,16:0,5061.16958637742,8.529550442396408
0,1,40,40,9-16:1,2108.106017511821,7.654019448305806
0,1,40,40,"7,10-16:2",318.6690930244434,5.767286376461111
0,1,40,40,18:0,984.5901116029897,6.893240559858582
0,1,40,40,11-Me-12-18:1,1686.9176316929966,7.431250877574915
0,1,40,40,9-18:1,345.5961408533507,5.8481602429245125
0,1,40,40,11-18:1,1918.2607139901509,7.559695346076249
0,1,40,40,"9,12-18:2",4706.140450873562,8.456835879679911
0,1,40,40,"12,15-18:2",95.36722089213892,4.568166111553206
0,1,40,40,20:0,436.3737675233496,6.080788132789283
0,1,40,40,"9,12,15-18:3",9142.639427705515,9.120813772031532
0,1,40,40,22:0,285.2636736599482,5.656913321971944
0,1,40,40,23:0,9.528256227730017,2.3540627120271167
0,1,40,40,24:0,466.6584817389878,6.147738289653942
0,1,40,40,15-24:1,90.2245621255243,4.513324182371549
0,1,40,40,di-16:0,64.02328382711772,4.174745418477665
0,1,40,40,26:0,10.858374120964912,2.4730342948772877
0,1,41,41,14:0,60.477963452982756,4.1186787927636175
0,1,41,41,15:0,72.0210991423413,4.290748428734597
0,1,41,41,16:0,5335.079285664816,8.582246446117908
0,1,41,41,9-16:1,1744.838663505726,7.4649903286396615
0,1,41,41,"7,10-16:2",156.25908255036836,5.0578946525794715
0,1,41,41,18:0,761.2804841898925,6.636314577446378
0,1,41,41,11-Me-12-18:1,1611.1655963622852,7.385333645062378
0,1,41,41,9-18:1,561.1612076070733,6.331788655037095
0,1,41,41,11-18:1,1744.025418800837,7.464524401178479
0,1,41,41,"9,12-18:2",6702.05761930517,8.810319062368329
0,1,41,41,"12,15-18:2",82.80462094493836,4.428488148508774
0,1,41,41,20:0,503.4928101719974,6.223553588298648
0,1,41,41,"9,12,15-18:3",7757.449063639004,8.956537730268888
0,1,41,41,22:0,482.95600032499306,6.181993994164775
0,1,41,41,23:0,21.41886210134596,3.109902662624776
0,1,41,41,24:0,827.5613002746148,6.719690823597987
0,1,41,41,15-24:1,117.10780662280021,4.771597822820554
0,1,41,41,di-16:0,27.306644510414536,3.3430965654445903
0,1,41,41,26:0,26.92370672630421,3.32947603148547
0,1,42,42,14:0,124.4715530816323,4.83207906420636
0,1,42,42,15:0,91.00721911406629,4.521867042601694
0,1,42,42,16:0,7484.010938446698,8.920657758234984
0,1,42,42,9-16:1,2251.123682534015,7.719628908947744
0,1,42,42,"7,10-16:2",226.66924414035776,5.427893892099318
0,1,42,42,18:0,1360.3799058174443,7.216254100964746
0,1,42,42,11-Me-12-18:1,2238.160997052006,7.7138565197983855
0,1,42,42,9-18:1,637.377411129229,6.458929661940083
0,1,42,42,11-18:1,2017.9542471495017,7.610334956911692
0,1,42,42,"9,12-18:2",8453.754989612604,9.04248428274753
0,1,42,42,"12,15-18:2",102.51363534870345,4.639703346527693
0,1,42,42,20:0,621.1057913612594,6.43311016085115
0,1,42,42,"9,12,15-18:3",11716.771490762749,9.368861899211636
0,1,42,42,22:0,567.0967325795212,6.342291708058284
0,1,42,42,23:0,26.527250521598162,3.315176442085535
0,1,42,42,24:0,935.5516294540598,6.842204650587764
0,1,42,42,15-24:1,193.66943426519333,5.271302911174774
0,1,42,42,di-16:0,85.03199108671181,4.454719216462982
0,1,42,42,26:0,46.96184094013206,3.8704057143294723
0,5,73,19,14:0,60.574557358630166,4.120248755326767
0,5,73,19,15:0,80.94231071614257,4.406015471820482
0,5,73,19,16:0,5196.72713013323,8.55597671865869
0,5,73,19,9-16:1,2016.9481249395042,7.609836494408469
0,5,73,19,"7,10-16:2",218.49139713105504,5.391313038722354
0,5,73,19,18:0,854.3832400169077,6.751549602447841
0,5,73,19,11-Me-12-18:1,1792.9280459586455,7.4921629336530975
0,5,73,19,9-18:1,554.1952035300152,6.319319769980233
0,5,73,19,11-18:1,2085.9181679722083,7.643443695945353
0,5,73,19,"9,12-18:2",6528.492766630457,8.784084541861466
0,5,73,19,"12,15-18:2",135.84374706174992,4.9188397425301025
0,5,73,19,20:0,641.2364350308445,6.46495651475619
0,5,73,19,"9,12,15-18:3",9988.006282051392,9.209240395428878
0,5,73,19,22:0,493.08305918314704,6.202703639052923
0,5,73,19,23:0,11.109537478788397,2.4939933635068305
0,5,73,19,24:0,371.10138742723205,5.9191663639864
0,5,73,19,15-24:1,100.04096052347901,4.615525984365608
0,5,73,19,di-16:0,51.842670768356676,3.9673190228195807
0,5,73,19,26:0,11.409373765663597,2.5184521358694187
0,5,74,20,14:0,55.167409700062954,4.028336690118043
0,5,74,20,15:0,66.84704619691212,4.2172558510209575
0,5,74,20,16:0,4996.628761861522,8.516718831297569
0,5,74,20,9-16:1,1845.752837573739,7.521184152930607
0,5,74,20,"7,10-16:2",297.1263099571922,5.697517255619341
0,5,74,20,18:0,994.727496850069,6.903473622609872
0,5,74,20,11-Me-12-18:1,1482.8464908736717,7.3023929755692505
0,5,74,20,9-18:1,236.43586712251442,5.4698975538408146
0,5,74,20,11-18:1,1656.3136403612996,7.412953281567661
0,5,74,20,"9,12-18:2",5490.141565234511,8.610891448267704
0,5,74,20,"12,15-18:2",66.09948101784828,4.206176309489428
0,5,74,20,20:0,385.08092827023336,5.956047006220685
0,5,74,20,"9,12,15-18:3",8290.327016490233,9.022965309684336
0,5,74,20,22:0,251.25954158134962,5.530458484410705
0,5,74,20,23:0,11.44371560725431,2.521215724969538
0,5,74,20,24:0,365.1153343434328,5.9029484049180425
0,5,74,20,15-24:1,81.01429043608042,4.406893505691108
0,5,74,20,di-16:0,23.27190048327606,3.189319322534985
0,5,74,20,26:0,12.137417294892016,2.5754644408372607
0,5,75,21,14:0,39.718876717633975,3.7066917863419855
0,5,75,21,15:0,60.44826517141255,4.1181956040661305
0,5,75,21,16:0,3018.958765848074,8.012998456583013
0,5,75,21,9-16:1,1395.7673684346316,7.241915823153395
0,5,75,21,"7,10-16:2",210.59089565982777,5.354654672876203
0,5,75,21,18:0,568.2544838023254,6.344327581596755
0,5,75,21,11-Me-12-18:1,1135.9198150667962,7.036077968015454
0,5,75,21,9-18:1,170.56606048377435,5.144968384763691
0,5,75,21,11-18:1,1140.3763705703905,7.039990155742171
0,5,75,21,"9,12-18:2",3781.5203700978605,8.238145831001047
0,5,75,21,"12,15-18:2",97.81651245544441,4.593264720904974
0,5,75,21,20:0,385.12111427720725,5.9561510878076165
0,5,75,21,"9,12,15-18:3",4914.362384104035,8.500120760098126
0,5,75,21,22:0,223.2262494032417,5.4126555840846144
0,5,75,21,23:0,13.686656023010789,2.6869393279902636
0,5,75,21,24:0,252.92768810990023,5.537049534005232
0,5,75,21,15-24:1,45.625101311471035,3.842139050861802
0,5,75,21,di-16:0,21.91536753313898,3.1318077568086364
0,5,75,21,26:0,6.976013471700999,2.0764387216878246
0,5,55,55,14:0,57.96730078999278,4.076983066368458
0,5,55,55,14:0,83.6002291041061,4.437936974694871
0,5,55,55,15:0,58.19616957464602,4.080856836665642
0,5,55,55,15:0,83.9303028279303,4.441830953403485
0,5,55,55,16:0,4630.394763005573,8.44061334642483
0,5,55,55,16:0,6677.938385161909,8.806714329523915
0,5,55,55,9-16:1,1850.401234652671,7.523698055508048
0,5,55,55,9-16:1,2668.6418902256323,7.889699618887934
0,5,55,55,"7,10-16:2",335.07979757494775,5.81734862454884
0,5,55,55,"7,10-16:2",483.2508580468376,6.182603074194338
0,5,55,55,18:0,1235.5453298029086,7.120076746057338
0,5,55,55,18:0,1781.8989539334107,7.485995944318589
0,5,55,55,11-Me-12-18:1,1699.753743683363,7.438826810418316
0,5,55,55,11-Me-12-18:1,2451.378629950331,7.8048137019174115
0,5,55,55,9-18:1,415.13422651626877,6.0310078681126305
0,5,55,55,9-18:1,598.7050625567049,6.396437971954248
0,5,55,55,11-18:1,1575.7521242447424,7.363122392772752
0,5,55,55,11-18:1,2272.5439481026206,7.729095103670983
0,5,55,55,"9,12-18:2",5610.005704095716,8.6324852523421
0,5,55,55,"9,12-18:2",8090.729700126209,8.998597794383985
0,5,55,55,"12,15-18:2",116.18835959341408,4.763782551334961
0,5,55,55,"12,15-18:2",167.5664270867095,5.127329898139634
0,5,55,55,20:0,539.9316731444538,6.2932929735402725
0,5,55,55,20:0,778.6874834653706,6.658893177173199
0,5,55,55,"9,12,15-18:3",8924.294320405392,9.096644583180343
0,5,55,55,"9,12,15-18:3",12870.584615993757,9.462777417796778
0,5,55,55,22:0,224.66816828084538,5.419065638346895
0,5,55,55,22:0,324.01561026145,5.783873212749951
0,5,55,55,23:0,12.644042148663065,2.6133029537236494
0,5,55,55,23:0,18.23519132380733,2.9567414828045093
0,5,55,55,24:0,342.60602287354425,5.839495718692051
0,5,55,55,24:0,494.10515263494096,6.204770169574262
0,5,55,55,15-24:1,97.07538206629602,4.585736387742334
0,5,55,55,15-24:1,140.001760829133,4.948772378450071
0,5,55,55,di-16:0,22.64468022346274,3.163138151938528
0,5,55,55,di-16:0,32.65807496417916,3.516252996520535
0,5,55,55,26:0,17.646102093591495,2.925637121221064
0,5,55,55,26:0,25.449143874461214,3.275223790085235
0,5,56,56,14:0,41.87840724435261,3.7583683715846274
0,5,56,56,14:0,66.51450693018106,4.212342492271194
0,5,56,56,15:0,74.68246467752292,4.326546491305331
0,5,56,56,15:0,118.61643365211731,4.784290237195351
0,5,56,56,16:0,4671.233682375053,8.44939254088887
0,5,56,56,16:0,7419.212562835228,8.911962983033476
0,5,56,56,9-16:1,1862.9006632222543,7.530426701562714
0,5,56,56,9-16:1,2958.8020946246716,7.992877685158784
0,5,56,56,"7,10-16:2",206.63701665448286,5.33579144298104
0,5,56,56,"7,10-16:2",328.19680070688446,5.796655750368341
0,5,56,56,18:0,861.8786209435261,6.760274033385718
0,5,56,56,18:0,1368.901906207376,7.22249441495019
0,5,56,56,11-Me-12-18:1,1755.471396030882,7.471062186933879
0,5,56,56,11-Me-12-18:1,2788.1746709165172,7.9335010141771685
0,5,56,56,9-18:1,567.4531065362731,6.342918823484579
0,5,56,56,9-18:1,901.272662234535,6.804916760674387
0,5,56,56,11-18:1,1232.2879254883558,7.117438992114834
0,5,56,56,11-18:1,1957.214449002877,7.5797883416093645
0,5,56,56,"9,12-18:2",6313.092884649046,8.75053937991392
0,5,56,56,"9,12-18:2",10026.939610591131,9.213130437180986
0,5,56,56,"12,15-18:2",70.74653337501401,4.273139538141692
0,5,56,56,"12,15-18:2",112.36508487540974,4.730613450369806
0,5,56,56,20:0,347.13476497378934,5.852589660482158
0,5,56,56,20:0,551.3461291837825,6.314174895388926
0,5,56,56,"9,12,15-18:3",7861.221131739882,8.969824432238495
0,5,56,56,"9,12,15-18:3",12485.795947201656,9.43242704076289
0,5,56,56,22:0,250.99083546441642,5.529392719645424
0,5,56,56,22:0,398.64294665029684,5.9905715150993135
0,5,56,56,23:0,13.882481031227366,2.70018475147563
0,5,56,56,23:0,22.049223968139344,3.1376321015500586
0,5,56,56,24:0,276.1494750424543,5.624556981736126
0,5,56,56,24:0,438.60183278470186,6.085869391730743
0,5,56,56,15-24:1,64.43904067574644,4.181119032586587
0,5,56,56,15-24:1,102.34703990990843,4.6380926443040424
0,5,56,56,di-16:0,53.61199234562826,4.000253498663341
0,5,56,56,di-16:0,85.15068912738997,4.456097962099113
0,5,56,56,26:0,9.82112423856987,2.3815001717702406
0,5,56,56,26:0,15.598664782472515,2.809322257336634
0,5,57,57,14:0,58.61118886580647,4.087843289099495
0,5,57,57,14:0,53.371146424801914,3.9958336165489556
0,5,57,57,15:0,52.25026803820006,3.9750028381580877
0,5,57,57,15:0,47.57891385869523,3.883189565536834
0,5,57,57,16:0,4094.1608729814056,8.31756128073687
0,5,57,57,16:0,3728.128769728186,8.223929911555839
0,5,57,57,9-16:1,1375.9345741894183,7.227614984302417
0,5,57,57,9-16:1,1252.9212775080343,7.13403094211547
0,5,57,57,"7,10-16:2",177.12771722709334,5.182500805514808
0,5,57,57,"7,10-16:2",161.29188837411976,5.089396494060944
0,5,57,57,18:0,745.6122456643923,6.615545968253812
0,5,57,57,18:0,678.9519392038031,6.522022118030904
0,5,57,57,11-Me-12-18:1,1306.43690606335,7.175823939373869
0,5,57,57,11-Me-12-18:1,1189.6369406174958,7.082243687129865
0,5,57,57,9-18:1,334.05379647929465,5.814291105437791
0,5,57,57,9-18:1,304.1882348859619,5.720928749800834
0,5,57,57,11-18:1,1311.9357439779014,7.180020934779231
0,5,57,57,11-18:1,1194.644163456393,7.086440368048417
0,5,57,57,"9,12-18:2",4999.879379547591,8.517369051861401
0,5,57,57,"9,12-18:2",4552.872917885156,8.423733340631584
0,5,57,57,"12,15-18:2",77.39054724565412,4.361703349240865
0,5,57,57,"12,15-18:2",70.47156539343001,4.269299683796418
0,5,57,57,20:0,404.11488162879164,6.004170685225813
0,5,57,57,20:0,367.9856173747477,5.910757665976686
0,5,57,57,"9,12,15-18:3",7185.842277688672,8.880007171727243
0,5,57,57,"9,12,15-18:3",6543.403193307282,8.786365489053805
0,5,57,57,22:0,291.46383818374494,5.678341028888032
0,5,57,57,22:0,265.40596575945915,5.5850213324074565
0,5,57,57,23:0,11.519169112215437,2.5272609986306867
0,5,57,57,23:0,10.489315662709108,2.4414175307056554
0,5,57,57,24:0,286.31113358695893,5.660565717712489
0,5,57,57,24:0,260.71393072586756,5.567252039781048
0,5,57,57,15-24:1,84.90213762748364,4.453208713750239
0,5,57,57,15-24:1,77.31159368682708,4.360695659555986
0,5,57,57,di-16:0,20.03684739116808,3.0462755378197413
0,5,57,57,di-16:0,18.24548412511932,2.9572764423101505
0,5,57,57,26:0,12.887109609028323,2.630961043609571
0,5,57,57,26:0,11.734957560930521,2.5443507759508397
50,1,43,43,14:0,60.26636136707604,4.115230938113902
50,1,43,43,15:0,68.14807087259737,4.236250160000684
50,1,43,43,16:0,5996.978760650102,8.699177818230678
50,1,43,43,9-16:1,1725.7046273398453,7.45397003128961
50,1,43,43,"7,10-16:2",146.7722502073896,4.9956722385683605
50,1,43,43,18:0,719.7052417880348,6.580230235093948
50,1,43,43,11-Me-12-18:1,2120.983619189398,7.66010659962924
50,1,43,43,9-18:1,665.9821948684553,6.502763351209182
50,1,43,43,11-18:1,1423.3968043348953,7.261503707884464
50,1,43,43,"9,12-18:2",8017.425798406925,8.989497397106325
50,1,43,43,"12,15-18:2",53.70198986064831,4.001900086474661
50,1,43,43,20:0,454.62625372682254,6.121672854422945
50,1,43,43,"9,12,15-18:3",9300.987085198678,9.137983321393342
50,1,43,43,22:0,411.76547068237346,6.022879564066003
50,1,43,43,23:0,25.329843945710703,3.2707030466281664
50,1,43,43,24:0,607.8907320724866,6.411638829727607
50,1,43,43,15-24:1,100.76019994964301,4.6226190645038265
50,1,43,43,di-16:0,79.21862014223382,4.384755659274421
50,1,43,43,26:0,25.424312404721505,3.274284510782811
50,1,44,44,14:0,40.40090220996601,3.7233026731050716
50,1,44,44,15:0,62.123485135710986,4.145092889457448
50,1,44,44,16:0,4686.764056619949,8.452711000770996
50,1,44,44,9-16:1,1634.8782194712262,7.399935076416026
50,1,44,44,"7,10-16:2",192.18927581777734,5.2636704120482225
50,1,44,44,18:0,581.9894511193438,6.368169092051875
50,1,44,44,11-Me-12-18:1,1899.0225029287724,7.549621008731119
50,1,44,44,9-18:1,446.79208871440954,6.1043290370019125
50,1,44,44,11-18:1,1214.4930921743257,7.10290511062553
50,1,44,44,"9,12-18:2",6643.2794171721625,8.80151152541362
50,1,44,44,"12,15-18:2",86.58678565973764,4.472630137930414
50,1,44,44,20:0,394.95328529050335,5.98129623785777
50,1,44,44,"9,12,15-18:3",7470.487052837502,8.918849328306695
50,1,44,44,22:0,332.1712444544959,5.808656605411553
50,1,44,44,23:0,16.66233433125497,2.871434368278332
50,1,44,44,24:0,424.0996956739613,6.052323719471666
50,1,44,44,15-24:1,88.48872454923692,4.4941126346542335
50,1,44,44,di-16:0,83.01091032887413,4.430946675276553
50,1,44,44,26:0,16.547417070527562,2.864906763611988
50,1,45,45,14:0,54.73892099290104,4.020678664006749
50,1,45,45,15:0,69.29450188995436,4.252693586511379
50,1,45,45,16:0,5389.452283886109,8.592384572049838
50,1,45,45,9-16:1,1975.1896494816428,7.588925850160689
50,1,45,45,"7,10-16:2",232.6791149549796,5.4539488706492545
50,1,45,45,18:0,511.0072428205292,6.238338771073298
50,1,45,45,11-Me-12-18:1,1988.736209147941,7.595757350714806
50,1,45,45,9-18:1,477.0593657663471,6.169734920943657
50,1,45,45,11-18:1,1568.3341253781382,7.358406684413378
50,1,45,45,"9,12-18:2",7218.588093855621,8.8845531795469
50,1,45,45,"12,15-18:2",75.96900454869142,4.343402802484699
50,1,45,45,20:0,415.46213061417006,6.03179553457801
50,1,45,45,"9,12,15-18:3",8207.81321557548,9.012963638474522
50,1,45,45,22:0,456.5514725766807,6.1258893867513144
50,1,45,45,23:0,13.797091451497675,2.694430637909332
50,1,45,45,24:0,465.0829741021159,6.144363674288679
50,1,45,45,15-24:1,89.04268625134823,4.500283849571164
50,1,45,45,di-16:0,100.22690999045821,4.617364630502457
50,1,45,45,26:0,11.68772988432381,2.5406353755993423
50,1,46,46,14:0,44.52471950289259,3.818255464208476
50,1,46,46,15:0,62.2968202601688,4.147835095031685
50,1,46,46,16:0,5456.8934490704805,8.604818179104566
50,1,46,46,9-16:1,1931.546334249419,7.566593756499851
50,1,46,46,"7,10-16:2",220.14701774888434,5.398827719027318
50,1,46,46,18:0,731.7231244326497,6.596767901242003
50,1,46,46,11-Me-12-18:1,1948.29519214738,7.575223146298219
50,1,46,46,9-18:1,499.7714873847766,6.2161498840292495
50,1,46,46,11-18:1,1631.8603856083057,7.398088593668416
50,1,46,46,"9,12-18:2",7946.244882771584,8.980580591957883
50,1,46,46,"12,15-18:2",97.94802557461014,4.594594718081028
50,1,46,46,20:0,440.9762380316814,6.091256120523253
50,1,46,46,"9,12,15-18:3",8416.598141880922,9.038079810234374
50,1,46,46,22:0,339.5730566876593,5.830629659661124
50,1,46,46,23:0,15.937795530907142,2.8295475468069404
50,1,46,46,24:0,698.1137639381838,6.549813481406214
50,1,46,46,15-24:1,135.3084464571282,4.914920306387206
50,1,46,46,di-16:0,96.64894894106658,4.581378893732416
50,1,46,46,26:0,23.580840745232468,3.2019673079968873
50,1,47,47,14:0,31.831276493966588,3.491381612693853
50,1,47,47,15:0,62.201395772569334,4.14632638591795
50,1,47,47,16:0,4737.565575261209,8.463489747637162
50,1,47,47,9-16:1,1734.6685966981963,7.4591479764769995
50,1,47,47,"7,10-16:2",170.82900824115785,5.146499844197586
50,1,47,47,18:0,634.5950179262036,6.4545615962526774
50,1,47,47,11-Me-12-18:1,1980.403915102921,7.591560920464564
50,1,47,47,9-18:1,427.7346961930941,6.060838303832827
50,1,47,47,11-18:1,1421.0503630254095,7.259855026772171
50,1,47,47,"9,12-18:2",6728.032325033894,8.814186627015967
50,1,47,47,"12,15-18:2",74.42196898547566,4.323098598430238
50,1,47,47,20:0,302.3002792997401,5.71472333556368
50,1,47,47,"9,12,15-18:3",7412.535139332304,8.911062681358132
50,1,47,47,22:0,497.3206725926585,6.211243790665357
50,1,47,47,23:0,12.122647269209601,2.5743395367301996
50,1,47,47,24:0,676.2672956421582,6.518066018685859
50,1,47,47,15-24:1,81.425805978725,4.411898567238468
50,1,47,47,di-16:0,67.3862897148715,4.225172361772132
50,1,47,47,26:0,24.18310108511244,3.2261731777094678
50,1,48,48,14:0,44.644038936718594,3.8208730166243567
50,1,48,48,15:0,61.3326648793439,4.132485604268183
50,1,48,48,16:0,5613.455793729594,8.633099942391713
50,1,48,48,9-16:1,1576.3631756663622,7.363509855735365
50,1,48,48,"7,10-16:2",174.5734391368564,5.168057411997631
50,1,48,48,18:0,601.0255539262077,6.4002998927903185
50,1,48,48,11-Me-12-18:1,1450.2983466851886,7.280213846279905
50,1,48,48,9-18:1,639.3691662870378,6.462044832379164
50,1,48,48,11-18:1,1610.6742085755243,7.385028798779499
50,1,48,48,"9,12-18:2",8165.45804393669,9.007790561898007
50,1,48,48,"12,15-18:2",71.43707600283896,4.2827182678002025
50,1,48,48,20:0,323.5072425507305,5.782307855003646
50,1,48,48,"9,12,15-18:3",9429.318422758452,9.151685142051944
50,1,48,48,22:0,288.3183024520502,5.667527474592272
50,1,48,48,23:0,7.006179918105359,2.0802137332263584
50,1,48,48,24:0,530.6922179901375,6.276064784311662
50,1,48,48,15-24:1,98.04534531752954,4.595577778779661
50,1,48,48,di-16:0,63.2499305378339,4.162780642651537
50,1,48,48,26:0,8.843738391347891,2.2868355567335685
50,5,79,22,14:0,44.70157589355085,3.8221327807531207
50,5,79,22,15:0,33.555066958205835,3.5425541952699082
50,5,79,22,16:0,2927.086914448722,7.982104558537065
50,5,79,22,9-16:1,996.661153591444,6.90541369320017
50,5,79,22,"7,10-16:2",137.82682906735482,4.93322732238649
50,5,79,22,18:0,434.3411961236867,6.0761300825450215
50,5,79,22,11-Me-12-18:1,1006.5416282904978,6.9152686113697355
50,5,79,22,9-18:1,237.70364363112108,5.475222797707215
50,5,79,22,11-18:1,984.6589807225643,6.893310433442667
50,5,79,22,"9,12-18:2",4557.998979584104,8.424858356388917
50,5,79,22,"12,15-18:2",134.80995109074965,4.9112564899859485
50,5,79,22,20:0,354.2451503338269,5.8728081154662295
50,5,79,22,"9,12,15-18:3",4694.219937347928,8.454300235560703
50,5,79,22,22:0,233.6916866766108,5.45827268116705
50,5,79,22,23:0,11.739331164558301,2.544694149908628
50,5,79,22,24:0,138.6932950165171,4.939449269524242
50,5,79,22,15-24:1,47.192684473207045,3.875207235122861
50,5,79,22,di-16:0,52.33918693681869,3.976671275608421
50,5,79,22,26:0,7.542532923329439,2.145057559062445
50,5,80,23,14:0,33.717020275743806,3.5472300645581116
50,5,80,23,15:0,61.72685787308399,4.138789711153563
50,5,80,23,16:0,3258.6384479440703,8.089371562671651
50,5,80,23,9-16:1,1374.6993621631625,7.226717507821544
50,5,80,23,"7,10-16:2",154.89167675331842,5.049161386269813
50,5,80,23,18:0,566.9423227923903,6.342019869185577
50,5,80,23,11-Me-12-18:1,1136.9979282255938,7.037025794144719
50,5,80,23,9-18:1,228.58832265567744,5.436287803638423
50,5,80,23,11-18:1,1128.190164543101,7.029255986230793
50,5,80,23,"9,12-18:2",4812.8154114985355,8.479245273507019
50,5,80,23,"12,15-18:2",113.0973242273449,4.737051805474248
50,5,80,23,20:0,311.04061135739823,5.743133343945851
50,5,80,23,"9,12,15-18:3",5619.492718470744,8.634174611370499
50,5,80,23,22:0,221.8834531091175,5.406649003042838
50,5,80,23,23:0,11.691581181252246,2.540938874535783
50,5,80,23,24:0,266.7700597300489,5.590128626148223
50,5,80,23,15-24:1,47.653472973402806,3.884723192998844
50,5,80,23,di-16:0,22.797847802886494,3.169595148138383
50,5,80,23,26:0,10.55366465553431,2.44700267283663
50,5,81,24,14:0,34.12938398959754,3.5590379309573987
50,5,81,24,15:0,9.036095711840458,2.3061881653100813
50,5,81,24,16:0,3676.5788240286543,8.21000988638012
50,5,81,24,9-16:1,1418.366201954867,7.257965714305952
50,5,81,24,"7,10-16:2",127.65666694049699,4.857147359697476
50,5,81,24,18:0,682.64096481451,6.527432874569622
50,5,81,24,11-Me-12-18:1,1315.9365306984469,7.1830635082497585
50,5,81,24,9-18:1,383.0015823955945,5.9506466734010965
50,5,81,24,11-18:1,916.9171461602699,6.822107131819912
50,5,81,24,"9,12-18:2",5854.290795349608,8.67510094095556
50,5,81,24,"12,15-18:2",67.37823721458517,4.2250546046244795
50,5,81,24,20:0,312.5680545249806,5.748016416339059
50,5,81,24,"9,12,15-18:3",6094.789279599266,8.71535352977416
50,5,81,24,22:0,179.04273812877142,5.1931942567559375
50,5,81,24,23:0,19.66054874636794,3.0282260241503742
50,5,81,24,24:0,282.16907110224093,5.6460441436458755
50,5,81,24,15-24:1,61.93545841292747,4.142109731627761
50,5,81,24,di-16:0,29.96660244682736,3.43290928331188
50,5,81,24,26:0,10.622244587755663,2.4529208986694337
50,5,82,58,14:0,74.6837205745123,4.326563085460589
50,5,82,58,15:0,74.94623986075146,4.330025719728678
50,5,82,58,16:0,5248.309479548076,8.565851819230014
50,5,82,58,9-16:1,2283.4318427697203,7.733872625920366
50,5,82,58,"7,10-16:2",274.05204285888505,5.616960326521244
50,5,82,58,18:0,789.8063701998658,6.673053146650798
50,5,82,58,11-Me-12-18:1,1948.8025617056921,7.575483396024286
50,5,82,58,9-18:1,660.0828962112508,6.493879242292936
50,5,82,58,11-18:1,2187.5447628077063,7.690992110069347
50,5,82,58,"9,12-18:2",7248.148893591759,8.888639346970164
50,5,82,58,"12,15-18:2",91.77511982767025,4.530178498540225
50,5,82,58,20:0,538.7765121429678,6.291155187490072
50,5,82,58,"9,12,15-18:3",8154.233050438551,9.006415092260339
50,5,82,58,22:0,336.90347861880815,5.8227602884846785
50,5,82,58,23:0,8.67856432195528,2.2699135764413043
50,5,82,58,24:0,387.5807459359977,5.962500988459008
50,5,82,58,15-24:1,93.58898810960616,4.549541064521239
50,5,82,58,di-16:0,60.93270985557312,4.126048470743408
50,5,82,58,26:0,18.257247947447766,2.957887506619682
50,5,83,59,14:0,96.00816151814288,4.574795114326163
50,5,83,59,15:0,46.75723844722508,3.8661306459558604
50,5,83,59,16:0,4714.461434830018,8.458602055566448
50,5,83,59,9-16:1,1633.0646334550281,7.39882582999569
50,5,83,59,"7,10-16:2",132.78242333551015,4.8962147738595085
50,5,83,59,18:0,499.90320184672635,6.216412872530657
50,5,83,59,11-Me-12-18:1,1627.5621339794175,7.3954527781053665
50,5,83,59,9-18:1,811.9760364572895,6.7007016336611125
50,5,83,59,11-18:1,1631.073164843442,7.397606365918323
50,5,83,59,"9,12-18:2",6703.283851121941,8.81050198182673
50,5,83,59,"12,15-18:2",92.00435649268891,4.532646336063517
50,5,83,59,20:0,429.938422372086,6.065965208370156
50,5,83,59,"9,12,15-18:3",7260.822745210509,8.890386143140242
50,5,83,59,22:0,369.2498621200154,5.914178080750851
50,5,83,59,23:0,0.0,0.0
50,5,83,59,24:0,325.9913490703524,5.789933715104954
50,5,83,59,15-24:1,107.41269340507989,4.68594517998297
50,5,83,59,di-16:0,69.020708641957,4.248791036040245
50,5,83,59,26:0,20.72914463021144,3.078654429950612
50,5,84,60,14:0,56.0869030965507,4.0445747225168995
50,5,84,60,15:0,51.11030595478651,3.9533627402296694
50,5,84,60,16:0,4491.385992342303,8.41013924100511
50,5,84,60,9-16:1,1767.0386768107549,7.477626118982495
50,5,84,60,"7,10-16:2",163.32587003431223,5.101851468730556
50,5,84,60,18:0,691.9059520793542,6.54089427869509
50,5,84,60,11-Me-12-18:1,1746.077396475761,7.465699611657458
50,5,84,60,9-18:1,671.7552462010001,6.511381587720051
50,5,84,60,11-18:1,1347.012429990118,7.206386512490657
50,5,84,60,"9,12-18:2",6587.127765392279,8.793024484763436
50,5,84,60,"12,15-18:2",91.57403465711158,4.528008699060853
50,5,84,60,20:0,430.6177642793048,6.067540391664179
50,5,84,60,"9,12,15-18:3",7086.506456433641,8.866088858996248
50,5,84,60,22:0,292.37053585714045,5.681436437548012
50,5,84,60,23:0,18.494870978769814,2.9701514042423507
50,5,84,60,24:0,332.07066772505283,5.808354682856492
50,5,84,60,15-24:1,71.30529539817917,4.280897368504495
50,5,84,60,di-16:0,59.204600778135,4.097748774280506
50,5,84,60,26:0,8.90874198719724,2.2934173965096094
250,1,49,49,14:0,47.485915498489646,3.8812733536755872
250,1,49,49,15:0,69.20210914524792,4.251378355384531
250,1,49,49,16:0,5209.662454554438,8.558462277250726
250,1,49,49,9-16:1,1998.0300666609,7.600417375238163
250,1,49,49,"7,10-16:2",163.42422013993277,5.102449796223044
250,1,49,49,18:0,523.7633984512064,6.262947491392802
250,1,49,49,11-Me-12-18:1,1634.943315118434,7.399974868101806
250,1,49,49,9-18:1,826.0577467488358,6.7178745193680625
250,1,49,49,11-18:1,1440.9475528747853,7.273749946084133
250,1,49,49,"9,12-18:2",9174.576538382596,9.124300508919404
250,1,49,49,"12,15-18:2",82.95018016600612,4.4302235296321
250,1,49,49,20:0,268.8786674439319,5.597972478159707
250,1,49,49,"9,12,15-18:3",7294.2879507755515,8.894983932525447
250,1,49,49,22:0,298.266348687603,5.701333975151656
250,1,49,49,23:0,11.614799290782459,2.5348706716043776
250,1,49,49,24:0,536.4742145315372,6.286880785886496
250,1,49,49,15-24:1,94.74296684201076,4.56166717201578
250,1,49,49,di-16:0,106.07575472152,4.673536572008184
250,1,49,49,26:0,10.417769471757422,2.4351708674413683
250,1,50,50,14:0,19.86541926548766,3.0380932080418535
250,1,50,50,15:0,31.52774910943354,3.48209354379161
250,1,50,50,16:0,2368.5347712790126,7.770448915821608
250,1,50,50,9-16:1,861.1635673580448,6.7594450059784075
250,1,50,50,"7,10-16:2",99.56713902680075,4.610825554470967
250,1,50,50,18:0,408.7051065368447,6.015437648563128
250,1,50,50,11-Me-12-18:1,917.5062620986104,6.822748722376752
250,1,50,50,9-18:1,607.867396381443,6.411600504069168
250,1,50,50,11-18:1,792.2442012448346,6.676131120313466
250,1,50,50,"9,12-18:2",4065.542170440204,8.310548327758447
250,1,50,50,"12,15-18:2",49.2694533919475,3.9173976042009175
250,1,50,50,20:0,230.18712765754947,5.443227459026573
250,1,50,50,"9,12,15-18:3",4108.433129236294,8.32104037321776
250,1,50,50,22:0,114.34993117527446,4.747970387959632
250,1,50,50,23:0,10.615863708435837,2.4523717249244057
250,1,50,50,24:0,234.75660723939654,5.46279994758699
250,1,50,50,15-24:1,59.63827510713246,4.10492629612633
250,1,50,50,di-16:0,30.086368192283416,3.436769401302582
250,1,50,50,26:0,20.017495705830605,3.045355219713299
250,1,51,51,14:0,45.04972990727075,3.8297218974782687
250,1,51,51,15:0,71.87483752962744,4.288743415229097
250,1,51,51,16:0,6128.751924475073,8.720909559020836
250,1,51,51,9-16:1,2352.690461784792,7.763739784605146
250,1,51,51,"7,10-16:2",179.22957224834988,5.194231439636475
250,1,51,51,18:0,567.6594615445539,6.343281769100235
250,1,51,51,11-Me-12-18:1,1984.8042369430616,7.593779268217452
250,1,51,51,9-18:1,1825.6958121452346,7.510264046700623
250,1,51,51,11-18:1,1688.5361122682607,7.432209280455809
250,1,51,51,"9,12-18:2",10101.024846323824,9.220491162569996
250,1,51,51,"12,15-18:2",53.54628520499826,3.999049611060121
250,1,51,51,20:0,272.67315782906195,5.611934539732237
250,1,51,51,"9,12,15-18:3",8312.679566533772,9.025657577637773
250,1,51,51,22:0,218.25737464282082,5.390246266457755
250,1,51,51,23:0,14.958636395669584,2.7700001495037343
250,1,51,51,24:0,440.56763713365154,6.090331206801041
250,1,51,51,15-24:1,98.10741066095314,4.596204218166252
250,1,51,51,di-16:0,44.89234375379573,3.8262983004038253
250,1,51,51,26:0,38.87243979747772,3.685685353337846
250,1,52,52,14:0,52.343516646424995,3.976752445460014
250,1,52,52,15:0,68.69356960306185,4.244108055304716
250,1,52,52,16:0,5775.050494532373,8.661475422662631
250,1,52,52,9-16:1,1672.3173616567235,7.422563379145454
250,1,52,52,"7,10-16:2",211.0583649077766,5.3568615429509805
250,1,52,52,18:0,639.852964644322,6.46280004627783
250,1,52,52,11-Me-12-18:1,2064.851126967006,7.63329758849999
250,1,52,52,9-18:1,652.0920539009967,6.4817180900928975
250,1,52,52,11-18:1,1389.9361339514314,7.237732277103329
250,1,52,52,"9,12-18:2",8945.50900138735,9.099018679466475
250,1,52,52,"12,15-18:2",117.83297367414407,4.777718924596618
250,1,52,52,20:0,419.32906334549057,6.041037888669852
250,1,52,52,"9,12,15-18:3",9160.18296369616,9.122730593838057
250,1,52,52,22:0,297.93774519960317,5.700235341677196
250,1,52,52,23:0,16.43841153089914,2.858675332388765
250,1,52,52,24:0,505.5864451237028,6.227694980643688
250,1,52,52,15-24:1,72.49081241174207,4.297160397204702
250,1,52,52,di-16:0,48.08558395508405,3.893565385887084
250,1,52,52,26:0,20.846738038098298,3.0840516215226863
250,1,53,53,14:0,59.36893869997688,4.1004747127296195
250,1,53,53,15:0,81.08824703925605,4.407794851999586
250,1,53,53,16:0,6482.187950513154,8.776967636041684
250,1,53,53,9-16:1,2165.6861078603483,7.680954140033985
250,1,53,53,"7,10-16:2",240.2037405734521,5.485641972914588
250,1,53,53,18:0,816.1219912124233,6.705788399762949
250,1,53,53,11-Me-12-18:1,2220.380624206129,7.705884184360475
250,1,53,53,9-18:1,749.2416896961058,6.620395407546175
250,1,53,53,11-18:1,1648.4231984964536,7.408180929109643
250,1,53,53,"9,12-18:2",9490.21599321057,9.158122017558883
250,1,53,53,"12,15-18:2",159.2082251527792,5.076474376342338
250,1,53,53,20:0,658.7102911421007,6.4918007858374835
250,1,53,53,"9,12,15-18:3",10519.89275843175,9.26111834565984
250,1,53,53,22:0,455.4978147119082,6.123583912974076
250,1,53,53,23:0,26.21536988664958,3.303781883072494
250,1,53,53,24:0,639.8287197548682,6.462762213343566
250,1,53,53,15-24:1,109.65186220143521,4.706388896011431
250,1,53,53,di-16:0,127.6197349782417,4.856860260202664
250,1,53,53,26:0,31.27479250790078,3.4742865078321272
250,1,54,54,14:0,62.62728845535545,4.153042442087991
250,1,54,54,15:0,65.51323664213264,4.197400975104648
250,1,54,54,16:0,6809.030962514333,8.82615194575794
250,1,54,54,9-16:1,2216.012667136103,7.703915923238285
250,1,54,54,"7,10-16:2",251.99504220231518,5.533369892497236
250,1,54,54,18:0,656.5639856306836,6.488542075865539
250,1,54,54,11-Me-12-18:1,1825.114508078508,7.509945768979815
250,1,54,54,9-18:1,803.4182943654567,6.690119400510912
250,1,54,54,11-18:1,2100.7757887836574,7.650537880088176
250,1,54,54,"9,12-18:2",11736.718650416919,9.370562751706542
250,1,54,54,"12,15-18:2",139.85688858414315,4.947744400362125
250,1,54,54,20:0,505.920124360039,6.228353445538616
250,1,54,54,"9,12,15-18:3",9893.377868740768,9.199721982764531
250,1,54,54,22:0,357.92370417290624,5.883109842706777
250,1,54,54,23:0,17.688802936538146,2.927924571076971
250,1,54,54,24:0,603.4294361207545,6.40428493225822
250,1,54,54,15-24:1,123.46087642191307,4.823991420912141
250,1,54,54,di-16:0,24.915028016176016,3.2548230327206156
250,1,54,54,26:0,43.183624116719784,3.78835422533655
250,5,88,25,14:0,25.248230648623863,3.2675985829039425
250,5,88,25,15:0,35.36598646399263,3.593633899981125
250,5,88,25,16:0,3090.428135887209,8.036388443018332
250,5,88,25,9-16:1,1175.532747528381,7.070327042483295
250,5,88,25,"7,10-16:2",76.7650990237869,4.353692731867884
250,5,88,25,18:0,483.6678123243549,6.1834637332279705
250,5,88,25,11-Me-12-18:1,1040.0722501380149,6.948006470757991
250,5,88,25,9-18:1,846.7479287224544,6.742583337738186
250,5,88,25,11-18:1,1391.6398763224458,7.238956416539423
250,5,88,25,"9,12-18:2",5844.186871284193,8.673373844530124
250,5,88,25,"12,15-18:2",86.8375253830912,4.475488805496116
250,5,88,25,20:0,306.0358968876918,5.726964668724592
250,5,88,25,"9,12,15-18:3",4841.470759136844,8.485180356881267
250,5,88,25,22:0,158.2358629461928,5.070386517803377
250,5,88,25,23:0,11.634958190594672,2.536467431819619
250,5,88,25,24:0,194.7619040705466,5.276899145642828
250,5,88,25,15-24:1,55.13474705922466,4.027754997963558
250,5,88,25,di-16:0,34.1525678185857,3.5596976687487545
250,5,88,25,26:0,23.782199866530693,3.2101256481497016
250,5,89,26,14:0,34.57280397513322,3.571581412629486
250,5,89,26,15:0,52.91983189166789,3.987498348863062
250,5,89,26,16:0,3530.974568364605,8.169612361348156
250,5,89,26,9-16:1,1567.9539455132747,7.358164399538226
250,5,89,26,"7,10-16:2",100.44708347390187,4.61953731744953
250,5,89,26,18:0,630.0971150038948,6.447459757202617
250,5,89,26,11-Me-12-18:1,1228.0785259708491,7.114020001724113
250,5,89,26,9-18:1,852.6666849867851,6.749540818991921
250,5,89,26,11-18:1,1667.764666030879,7.419838910742676
250,5,89,26,"9,12-18:2",6148.353007016016,8.724102153155217
250,5,89,26,"12,15-18:2",92.07420974832526,4.533397129240064
250,5,89,26,20:0,343.08055119496845,5.840875790412609
250,5,89,26,"9,12,15-18:3",5831.909568677828,8.671271223235179
250,5,89,26,22:0,203.71388815856585,5.321613336768154
250,5,89,26,23:0,7.104380334156809,2.0924046975031727
250,5,89,26,24:0,217.35192442977706,5.386108093402129
250,5,89,26,15-24:1,59.929308949760866,4.109714322488566
250,5,89,26,di-16:0,35.89413349301861,3.608052554478162
250,5,89,26,26:0,18.57445700960316,2.9742255025191158
250,5,90,27,14:0,30.137448650932136,3.438411231479982
250,5,90,27,15:0,35.89204812023335,3.607996029726773
250,5,90,27,16:0,3546.580785988271,8.1740211814284
250,5,90,27,9-16:1,1595.3979843599673,7.375505110557875
250,5,90,27,"7,10-16:2",119.91191459066543,4.795062301902117
250,5,90,27,18:0,520.5177210119699,6.2567432547109885
250,5,90,27,11-Me-12-18:1,1118.1841766364444,7.020355285149509
250,5,90,27,9-18:1,689.1760872890819,6.536946764003271
250,5,90,27,11-18:1,1704.1886260150995,7.441431014692349
250,5,90,27,"9,12-18:2",4491.529970239295,8.410171289807257
250,5,90,27,"12,15-18:2",80.24467946692226,4.397465335581677
250,5,90,27,20:0,332.5582183041704,5.80981741774922
250,5,90,27,"9,12,15-18:3",5898.182355762584,8.682569036521139
250,5,90,27,22:0,144.11855830172652,4.977551051792441
250,5,90,27,23:0,13.573613275382952,2.679212583654015
250,5,90,27,24:0,199.63575461297611,5.301491097995099
250,5,90,27,15-24:1,54.40798506419858,4.014723718099652
250,5,90,27,di-16:0,18.380746598348193,2.964280129887157
250,5,90,27,26:0,9.593263234226846,2.360218255133498
250,5,85,61,14:0,35.198630248035776,3.5890212796637826
250,5,85,61,15:0,39.22546479437148,3.694500247674872
250,5,85,61,16:0,2716.0931927465485,7.907317908708031
250,5,85,61,9-16:1,1216.1637755744698,7.104278657125208
250,5,85,61,"7,10-16:2",80.65040099662579,4.402446730569458
250,5,85,61,18:0,439.23934361893566,6.087318541788497
250,5,85,61,11-Me-12-18:1,1215.8824693974004,7.104047514287307
250,5,85,61,9-18:1,837.3117459621528,6.731390043190828
250,5,85,61,11-18:1,1178.769616429992,7.073074458084273
250,5,85,61,"9,12-18:2",5013.406699896014,8.520070388291954
250,5,85,61,"12,15-18:2",110.99428061288432,4.718447804034795
250,5,85,61,20:0,204.00296143212137,5.323024425044414
250,5,85,61,"9,12,15-18:3",4000.943440580688,8.294535382255376
250,5,85,61,22:0,95.05441691521881,4.5649148737399665
250,5,85,61,23:0,9.445238709769983,2.346146248722487
250,5,85,61,24:0,200.9835104467275,5.308186062617333
250,5,85,61,15-24:1,51.36478667453489,3.958234355399087
250,5,85,61,di-16:0,15.901832664483258,2.827422057735053
250,5,85,61,26:0,12.707421137808863,2.6179373750647703
250,5,86,62,14:0,45.86120429349344,3.8471901325678837
250,5,86,62,15:0,35.38528804901258,3.5941645184644995
250,5,86,62,16:0,3520.3472657078123,8.16659894130332
250,5,86,62,9-16:1,1766.1288016296178,7.477111362492582
250,5,86,62,"7,10-16:2",98.8255216998323,4.6034238790797035
250,5,86,62,18:0,543.5774845875387,6.300010236358092
250,5,86,62,11-Me-12-18:1,1762.9869141423383,7.475331818252565
250,5,86,62,9-18:1,1095.403556807182,6.999790608501426
250,5,86,62,11-18:1,1422.269124863121,7.260711705199628
250,5,86,62,"9,12-18:2",6903.871903555042,8.839982514412089
250,5,86,62,"12,15-18:2",171.34819769783587,5.149516835686473
250,5,86,62,20:0,314.34569457922424,5.75366948018381
250,5,86,62,"9,12,15-18:3",4963.911397599067,8.510150730922069
250,5,86,62,22:0,277.1311601082489,5.628092801379042
250,5,86,62,23:0,14.153153969827528,2.71820869311524
250,5,86,62,24:0,314.28129838765943,5.753465251083227
250,5,86,62,15-24:1,71.75590780304742,4.28711010966924
250,5,86,62,di-16:0,22.858952872606046,3.1721595293951723
250,5,86,62,26:0,22.811478543183448,3.1701677561425505
250,5,87,63,14:0,41.07074916472852,3.739352705020024
250,5,87,63,15:0,12.710312065387699,2.6181482551961164
250,5,87,63,16:0,3820.4211928363147,8.248377672420403
250,5,87,63,9-16:1,2400.111181709448,7.783686901567073
250,5,87,63,"7,10-16:2",162.3873078347237,5.096123503978923
250,5,87,63,18:0,646.3400751567258,6.472871774892149
250,5,87,63,11-Me-12-18:1,1819.0152725973257,7.506600171572624
250,5,87,63,9-18:1,696.1758667351918,6.547037698495982
250,5,87,63,11-18:1,1533.1087339584533,7.335704862047776
250,5,87,63,"9,12-18:2",6366.530261127734,8.758966959276986
250,5,87,63,"12,15-18:2",151.34909019233098,5.026174533588032
250,5,87,63,20:0,235.61269539621037,5.466424607738793
250,5,87,63,"9,12,15-18:3",4817.102385786529,8.48013543363116
250,5,87,63,22:0,143.09244877751362,4.970455098978097
250,5,87,63,23:0,18.86410871987216,2.988914521402333
250,5,87,63,24:0,290.8513607951666,5.676244634291548
250,5,87,63,15-24:1,44.15620782280358,3.8101277637184907
250,5,87,63,di-16:0,53.31603544396241,3.9948194953873775
250,5,87,63,26:0,16.089243472330335,2.8384492288761907
500,1,55,55,14:0,27.330871297458124,3.343952068662753
500,1,55,55,14:0,39.41648258489874,3.699237686538667
500,1,55,55,15:0,47.95793654341609,3.890961491552353
500,1,55,55,15:0,69.16476061072547,4.250846199392611
500,1,55,55,16:0,3550.8001183228503,8.175209829533983
500,1,55,55,16:0,5120.950938704462,8.54129068817093
500,1,55,55,9-16:1,1191.1740395123454,7.0835338432697155
500,1,55,55,9-16:1,1717.9068414254523,7.449443810444553
500,1,55,55,"7,10-16:2",129.1657381880729,4.868808547588031
500,1,55,55,"7,10-16:2",186.28235501329488,5.23261739792896
500,1,55,55,18:0,288.3642922314968,5.667686421068168
500,1,55,55,18:0,415.8779271667988,6.032793438334709
500,1,55,55,11-Me-12-18:1,1005.4591115513178,6.914193619864507
500,1,55,55,11-Me-12-18:1,1450.06945182813,7.280056116541
500,1,55,55,9-18:1,748.1101119682986,6.618885984685715
500,1,55,55,9-18:1,1078.9216662378258,6.984643786226473
500,1,55,55,11-18:1,1184.2134803666777,7.077678189551938
500,1,55,55,11-18:1,1707.8683484934002,7.4435866459138955
500,1,55,55,"9,12-18:2",5679.521226923673,8.644798272808483
500,1,55,55,"9,12-18:2",8190.984732799943,9.010911483605671
500,1,55,55,"12,15-18:2",26.157089450789194,3.3016381338696688
500,1,55,55,"12,15-18:2",37.72365870035616,3.656450749172568
500,1,55,55,20:0,193.91011707835912,5.272538514239447
500,1,55,55,20:0,279.6564613571492,5.637131363952865
500,1,55,55,"9,12,15-18:3",5447.6042665138775,8.603114756971264
500,1,55,55,"9,12,15-18:3",7856.51494105256,8.96922567017199
500,1,55,55,22:0,162.33486362269747,5.095802471511228
500,1,55,55,22:0,234.11874635336147,5.460090690152595
500,1,55,55,23:0,8.506540565407347,2.2519800422816676
500,1,55,55,23:0,12.268101679045166,2.5853627845348783
500,1,55,55,24:0,300.3694313591791,5.708336858882857
500,1,55,55,24:0,433.1916948914153,6.073486129880826
500,1,55,55,15-24:1,52.72666433247108,3.9839094207824997
500,1,55,55,15-24:1,76.04220237991233,4.344353354567137
500,1,55,55,di-16:0,17.286284793556426,2.906151314025222
500,1,55,55,di-16:0,24.930216680877866,3.255408955893517
500,1,55,55,26:0,9.208274503357393,2.323198617243757
500,1,55,55,26:0,13.280139796798583,2.6588697465552973
500,1,56,56,14:0,31.701149945086353,3.4874102438012824
500,1,56,56,14:0,50.35020423326875,3.938668913645504
500,1,56,56,15:0,46.86658036247185,3.868417564931962
500,1,56,56,15:0,74.43710707822817,4.323299290270574
500,1,56,56,16:0,4073.3883455269415,8.312475915151749
500,1,56,56,16:0,6469.668623187843,8.77503472422474
500,1,56,56,9-16:1,1291.8512644565374,7.164605340799124
500,1,56,56,9-16:1,2051.817524508288,7.626968530705432
500,1,56,56,"7,10-16:2",195.85811816515127,5.282483256900836
500,1,56,56,"7,10-16:2",311.07692520433545,5.743249712561859
500,1,56,56,18:0,465.97360788749296,6.146272741912368
500,1,56,56,18:0,740.095118476449,6.608128982073454
500,1,56,56,11-Me-12-18:1,1315.6499101455795,7.1828458426743635
500,1,56,56,11-Me-12-18:1,2089.6163637615687,7.645214212371891
500,1,56,56,9-18:1,514.9702197809363,6.246049050213232
500,1,56,56,9-18:1,817.9153054364318,6.707980666340134
500,1,56,56,11-18:1,1089.3501661799307,6.994254177008456
500,1,56,56,11-18:1,1730.1897074306698,7.456564143296382
500,1,56,56,"9,12-18:2",6683.984090948687,8.807619109720001
500,1,56,56,"9,12-18:2",10616.017546812962,9.27021342172135
500,1,56,56,"12,15-18:2",65.3759906443749,4.19533540441306
500,1,56,56,"12,15-18:2",103.8351759036663,4.652389363505522
500,1,56,56,20:0,332.03574362614376,5.808249822436758
500,1,56,56,20:0,527.3647023303923,6.269786769376746
500,1,56,56,"9,12,15-18:3",6179.0775611676,8.729086100723725
500,1,56,56,"9,12,15-18:3",9814.086167754926,9.191675885862542
500,1,56,56,22:0,217.16607193244238,5.385256570623625
500,1,56,56,22:0,344.9198560076216,5.846207118191568
500,1,56,56,23:0,17.754768494554938,2.931448039792241
500,1,56,56,23:0,28.19948870510323,3.374151199021728
500,1,56,56,24:0,344.4464852626347,5.84483774050943
500,1,56,56,24:0,547.0763966117069,6.30641468710674
500,1,56,56,15-24:1,65.88757969184303,4.203013295067743
500,1,56,56,15-24:1,104.6477209712157,4.660110172331203
500,1,56,56,di-16:0,44.10726954874312,3.8090434208529005
500,1,56,56,di-16:0,70.05455744659113,4.263447996702581
500,1,56,56,26:0,15.66297323663227,2.8131890863997784
500,1,56,56,26:0,24.877138612660787,3.253359899867105
500,1,57,57,14:0,31.396521038836944,3.4780510416886
500,1,57,57,14:0,28.589563767929622,3.3874217237529094
500,1,57,57,15:0,54.518199489536755,4.016710885729185
500,1,57,57,15:0,49.64408441593878,3.924822430506368
500,1,57,57,16:0,5519.105435357593,8.616152239696985
500,1,57,57,16:0,5025.678373438283,8.522514681824472
500,1,57,57,9-16:1,1659.4396631850593,7.414837703622473
500,1,57,57,9-16:1,1511.0800337074027,7.321241487684777
500,1,57,57,"7,10-16:2",221.0333720887509,5.402827695298753
500,1,57,57,"7,10-16:2",201.27222625573899,5.3096144448609826
500,1,57,57,18:0,499.197530409929,6.215003081226071
500,1,57,57,18:0,454.5675494043954,6.121544002970473
500,1,57,57,11-Me-12-18:1,1492.3434514929572,7.308772812271287
500,1,57,57,11-Me-12-18:1,1358.9227996736859,7.215183212173088
500,1,57,57,9-18:1,576.9799170972949,6.359539122562328
500,1,57,57,9-18:1,525.3959224419509,6.266053633860192
500,1,57,57,11-18:1,1381.6113458521136,7.231729269648558
500,1,57,57,11-18:1,1258.0905262042781,7.138144934719382
500,1,57,57,"9,12-18:2",8706.128486012554,9.071897335353773
500,1,57,57,"9,12-18:2",7927.770570973583,8.978253267423515
500,1,57,57,"12,15-18:2",62.9232377271253,4.157682952977545
500,1,57,57,"12,15-18:2",57.29768324519066,4.065562354062403
500,1,57,57,20:0,336.65714758177876,5.822031024408612
500,1,57,57,20:0,306.5588374206412,5.7286664101485165
500,1,57,57,"9,12,15-18:3",8351.42264330462,9.030306912686033
500,1,57,57,"9,12,15-18:3",7604.776654022987,8.936663323610965
500,1,57,57,22:0,212.964476172455,5.365810002048325
500,1,57,57,22:0,193.92471746486453,5.272613419739
500,1,57,57,23:0,25.27292085331558,3.2685387834061954
500,1,57,57,23:0,23.013434559960718,3.178613447064994
500,1,57,57,24:0,367.2050646030819,5.908640023737191
500,1,57,57,24:0,334.37566529713257,5.815251292484805
500,1,57,57,15-24:1,78.28798776446837,4.373086638786823
500,1,57,57,15-24:1,71.28877163449174,4.280668814676548
500,1,57,57,di-16:0,29.168651942447124,3.4068033701192375
500,1,57,57,di-16:0,26.560873852921254,3.3163971529331135
500,1,57,57,26:0,10.953348428426452,2.481011442343533
500,1,57,57,26:0,9.97408129962829,2.3955362469953716
500,1,58,58,14:0,47.046509849718966,3.872169496976299
500,1,58,58,15:0,62.39217404362431,4.1493404160263845
500,1,58,58,16:0,5352.345555796845,8.585476981980133
500,1,58,58,9-16:1,2236.5000422640564,7.713114469037974
500,1,58,58,"7,10-16:2",182.455996661224,5.211974838526643
500,1,58,58,18:0,504.10228948282156,6.224760962195513
500,1,58,58,11-Me-12-18:1,2718.659064738679,7.908261807587773
500,1,58,58,9-18:1,1349.8585768418588,7.208495652126912
500,1,58,58,11-18:1,1972.3751316329956,7.58750062055639
500,1,58,58,"9,12-18:2",7243.126822413446,8.887946326085483
500,1,58,58,"12,15-18:2",43.453827817428746,3.7944510733799746
500,1,58,58,20:0,299.0280141721283,5.703875850870268
500,1,58,58,"9,12,15-18:3",8109.832510746056,9.00095579421419
500,1,58,58,22:0,366.8809976731526,5.907759509983501
500,1,58,58,23:0,11.092108444871126,2.492553045192505
500,1,58,58,24:0,748.7076669978013,6.61968335321116
500,1,58,58,15-24:1,91.73327709623624,4.529727384382188
500,1,58,58,di-16:0,31.963020801599797,3.4953863513755916
500,1,58,58,26:0,25.273240253168346,3.268550940330547
500,1,59,59,14:0,35.750810173774916,3.604160270960742
500,1,59,59,15:0,56.220627337468905,4.046914451166703
500,1,59,59,16:0,5234.841813404328,8.563282915229708
500,1,59,59,9-16:1,2216.993044028808,7.704358031759681
500,1,59,59,"7,10-16:2",203.2183556013827,5.319189792001069
500,1,59,59,18:0,533.8265103144186,6.281942414519814
500,1,59,59,11-Me-12-18:1,1989.7930801977843,7.596288371088155
500,1,59,59,9-18:1,1394.840633027105,7.2412521170828965
500,1,59,59,11-18:1,1927.320387587828,7.564404637499532
500,1,59,59,"9,12-18:2",8080.060530792133,8.997278396713021
500,1,59,59,"12,15-18:2",58.32774350129183,4.0830770465334885
500,1,59,59,20:0,375.179091303411,5.930065336649893
500,1,59,59,"9,12,15-18:3",6691.509935970268,8.808744260035956
500,1,59,59,22:0,421.9548067090539,6.0472653334071715
500,1,59,59,23:0,12.628422421473923,2.6121574959043294
500,1,59,59,24:0,513.4521112964209,6.243102472800998
500,1,59,59,15-24:1,127.63563268132071,4.8569838549268
500,1,59,59,di-16:0,19.792240945132068,3.0345798856296855
500,1,59,59,26:0,40.319537060227375,3.7213354404187666
500,1,60,60,14:0,55.315224053405444,4.030964908065934
500,1,60,60,15:0,42.27004211666472,3.767460527581934
500,1,60,60,16:0,5560.755701918663,8.623669111124975
500,1,60,60,9-16:1,2285.9706046364236,7.7349833406985615
500,1,60,60,"7,10-16:2",244.6827649818613,5.504041130472775
500,1,60,60,18:0,776.7532138237426,6.656409267975885
500,1,60,60,11-Me-12-18:1,2077.3739117635737,7.639341093760755
500,1,60,60,9-18:1,1370.5930713387156,7.223728169058592
500,1,60,60,11-18:1,1913.8280509553124,7.5573831069594695
500,1,60,60,"9,12-18:2",7751.566313145194,8.955779204713602
500,1,60,60,"12,15-18:2",82.0280922844354,4.419179011789765
500,1,60,60,20:0,549.6288329066705,6.311060957677196
500,1,60,60,"9,12,15-18:3",8371.50190083405,9.032708031701365
500,1,60,60,22:0,283.67022351074286,5.651331399810819
500,1,60,60,23:0,21.005687609010735,3.0913009476280995
500,1,60,60,24:0,505.5257905352908,6.2275752415143995
500,1,60,60,15-24:1,116.16473746536647,4.763580957002101
500,1,60,60,di-16:0,43.54421924069163,3.7964823865903687
500,1,60,60,26:0,26.38852610685308,3.3101241704672306
500,5,91,28,14:0,22.66930797354895,3.1641791866620377
500,5,91,28,15:0,49.32562517427777,3.9185143941864533
500,5,91,28,16:0,2786.2399959850572,7.932807136435053
500,5,91,28,9-16:1,1774.2382126382558,7.481689897208167
500,5,91,28,"7,10-16:2",88.2764048865628,4.49173722997459
500,5,91,28,18:0,308.2266860749518,5.734074619829123
500,5,91,28,11-Me-12-18:1,1255.533713239554,7.1361121876937785
500,5,91,28,9-18:1,1645.62119364844,7.406480705939297
500,5,91,28,11-18:1,1904.931469005369,7.552726128166566
500,5,91,28,"9,12-18:2",6152.110442288808,8.724712995919369
500,5,91,28,"12,15-18:2",97.6007447553872,4.591078814880137
500,5,91,28,20:0,153.89663607008598,5.042758030402543
500,5,91,28,"9,12,15-18:3",3298.59793136665,8.101555901051798
500,5,91,28,22:0,76.0085118165042,4.343915958815732
500,5,91,28,23:0,12.387186728769954,2.594298035221455
500,5,91,28,24:0,160.77463295481752,5.086204212078555
500,5,91,28,15-24:1,36.58539694027803,3.626615595709171
500,5,91,28,di-16:0,21.464722502290826,3.1119461899993954
500,5,91,28,26:0,6.442503267440875,2.007207252932337
500,5,92,29,14:0,33.20491186173221,3.5323692554440282
500,5,92,29,15:0,38.91980210759912,3.686872494206505
500,5,92,29,16:0,3797.1807612350644,8.242277484035117
500,5,92,29,9-16:1,1791.6923214604942,7.4914738590254775
500,5,92,29,"7,10-16:2",69.73650679875509,4.258961801709249
500,5,92,29,18:0,414.7912494331699,6.030183330068189
500,5,92,29,11-Me-12-18:1,1497.8641299625674,7.312462853542581
500,5,92,29,9-18:1,1896.0052635586958,7.5480317446062815
500,5,92,29,11-18:1,1638.0464806499506,7.4018699374936086
500,5,92,29,"9,12-18:2",8779.925663375838,9.08033710970246
500,5,92,29,"12,15-18:2",62.98850562961383,4.15870346769246
500,5,92,29,20:0,198.61232415559556,5.296377106237776
500,5,92,29,"9,12,15-18:3",3755.824414886293,8.231329309024366
500,5,92,29,22:0,122.80843031640991,4.818735454187381
500,5,92,29,23:0,8.672920602684421,2.2693302910290636
500,5,92,29,24:0,269.5584761065711,5.6004882527666195
500,5,92,29,15-24:1,37.50531668338918,3.650796327431855
500,5,92,29,di-16:0,27.893724740805418,3.3636244345443833
500,5,92,29,26:0,22.70780556238604,3.165804342541616
500,5,93,30,14:0,30.09477418385766,3.4370397723927297
500,5,93,30,15:0,52.25694598121105,3.975128237044562
500,5,93,30,16:0,3685.820557744919,8.212519728144139
500,5,93,30,9-16:1,1752.5456576749862,7.469395107265194
500,5,93,30,"7,10-16:2",76.73762465315122,4.353339369942486
500,5,93,30,18:0,423.30565471631286,6.050454079284952
500,5,93,30,11-Me-12-18:1,1520.863697127246,7.327690979304399
500,5,93,30,9-18:1,1859.0431916000402,7.528354987727981
500,5,93,30,11-18:1,1643.9161288895577,7.405444676422196
500,5,93,30,"9,12-18:2",8498.969317436686,9.047817832758561
500,5,93,30,"12,15-18:2",63.7324232231088,4.170262207715031
500,5,93,30,20:0,221.32647542621652,5.404146911612346
500,5,93,30,"9,12,15-18:3",3616.097391852808,8.19342715773082
500,5,93,30,22:0,106.65994502321874,4.678977602480802
500,5,93,30,23:0,14.500586288882886,2.7408778482990686
500,5,93,30,24:0,256.08954086938354,5.549424432267305
500,5,93,30,15-24:1,44.12736303835321,3.80948878178287
500,5,93,30,di-16:0,22.007749550551395,3.135831096159128
500,5,93,30,26:0,23.61111674336812,3.2031982409991167
500,5,94,64,14:0,39.27060710466854,3.6956218506044176
500,5,94,64,15:0,44.61690543616598,3.8202783810650036
500,5,94,64,16:0,3496.898135277774,8.159917534307693
500,5,94,64,9-16:1,1973.715273556523,7.5881795016545714
500,5,94,64,"7,10-16:2",92.08864286997893,4.53355218833461
500,5,94,64,18:0,369.39620989059176,5.914573270242868
500,5,94,64,11-Me-12-18:1,1116.7317081917208,7.019056650132697
500,5,94,64,9-18:1,2515.655360619413,7.830686061095762
500,5,94,64,11-18:1,1977.561312635103,7.5901252497995
500,5,94,64,"9,12-18:2",7992.143917600621,8.986339442918773
500,5,94,64,"12,15-18:2",146.91848249620804,4.996661328076868
500,5,94,64,20:0,488.7744565492134,6.193944992380736
500,5,94,64,"9,12,15-18:3",3424.9541122832566,8.139135284831509
500,5,94,64,22:0,296.8285118978118,5.696517857432612
500,5,94,64,23:0,15.039345383601347,2.7750447901093813
500,5,94,64,24:0,253.96469681791234,5.541125091722868
500,5,94,64,15-24:1,59.66953299145185,4.1054416444044195
500,5,94,64,di-16:0,34.5325413141768,3.5704489333455243
500,5,94,64,26:0,12.827665107853578,2.6266713033580644
500,5,95,65,14:0,45.11113262797287,3.831054409525107
500,5,95,65,15:0,55.82519661034374,4.0399798296594795
500,5,95,65,16:0,4150.9856657508135,8.33134197246761
500,5,95,65,9-16:1,2082.487192333829,7.641798303655627
500,5,95,65,"7,10-16:2",136.2411650765448,4.92173970729074
500,5,95,65,18:0,662.6015279468938,6.4976818608255345
500,5,95,65,11-Me-12-18:1,2152.364679669643,7.674786865124709
500,5,95,65,9-18:1,1336.6976521300423,7.198705245145662
500,5,95,65,11-18:1,1775.5443081331346,7.482425356401467
500,5,95,65,"9,12-18:2",9096.116744027262,9.115712800984442
500,5,95,65,"12,15-18:2",108.59736270810215,4.69681331134212
500,5,95,65,20:0,477.1425651600146,6.169908941495565
500,5,95,65,"9,12,15-18:3",5084.997795258916,8.534246512489819
500,5,95,65,22:0,219.82883823826396,5.397387913837615
500,5,95,65,23:0,12.992642730494104,2.6385316722311996
500,5,95,65,24:0,345.2332141851431,5.847112577438736
500,5,95,65,15-24:1,79.53014094522554,4.388631536026033
500,5,95,65,di-16:0,63.67992280864314,4.169450841273487
500,5,95,65,26:0,15.701654238675033,2.815507770725053
500,5,96,66,14:0,59.21433000103427,4.097910363872067
500,5,96,66,15:0,8.177479861922238,2.2167526420984838
500,5,96,66,16:0,4622.014150905584,8.43880218496247
500,5,96,66,9-16:1,2351.0096446676075,7.763025409634093
500,5,96,66,"7,10-16:2",112.56365499427304,4.732363516665137
500,5,96,66,18:0,497.38467589986175,6.211372220411195
500,5,96,66,11-Me-12-18:1,1649.5064851756151,7.40883748050432
500,5,96,66,9-18:1,2991.952726068642,8.004015712896232
500,5,96,66,11-18:1,2942.3607065847914,7.9873073049720835
500,5,96,66,"9,12-18:2",10539.173365519775,9.262949270301615
500,5,96,66,"12,15-18:2",101.42277135338769,4.629109064381345
500,5,96,66,20:0,422.07355224649365,6.047546046309907
500,5,96,66,"9,12,15-18:3",5241.170291098794,8.564490869257794
500,5,96,66,22:0,237.5003868206025,5.4743709322164
500,5,96,66,23:0,10.384487059261867,2.432251644417458
500,5,96,66,24:0,315.20797029402735,5.7564001309536685
500,5,96,66,15-24:1,79.82624451845669,4.392301721184963
500,5,96,66,di-16:0,32.68389759869886,3.517019907105497
500,5,96,66,26:0,34.164815439490695,3.560046021331327
750,1,61,61,14:0,46.25572378180881,3.8555737848424476
750,1,61,61,15:0,82.57527665130566,4.425747742516725
750,1,61,61,16:0,6417.69301139146,8.76696979517848
750,1,61,61,9-16:1,3295.131564646731,8.100504806691074
750,1,61,61,"7,10-16:2",339.21186334479756,5.8295685510315876
750,1,61,61,18:0,1241.5564436511736,7.124926184424841
750,1,61,61,11-Me-12-18:1,2698.5873516181814,7.900854207578301
750,1,61,61,9-18:1,1800.6193606780253,7.496441184267528
750,1,61,61,11-18:1,2061.200518391283,7.631528904461604
750,1,61,61,"9,12-18:2",8557.37458209983,9.054665565836586
750,1,61,61,"12,15-18:2",253.75824250260297,5.5403150268398775
750,1,61,61,20:0,661.6651098304443,6.496269749195214
750,1,61,61,"9,12,15-18:3",8690.146591058245,9.070060153290754
750,1,61,61,22:0,508.52421223368384,6.233477373091436
750,1,61,61,23:0,21.99862661846899,3.135434501905824
750,1,61,61,24:0,1065.2837646374899,6.971934765021968
750,1,61,61,15-24:1,166.27225610870173,5.119622761059237
750,1,61,61,di-16:0,100.351706391489,4.618596709376788
750,1,61,61,26:0,48.52392099241522,3.9024558052178464
750,1,62,62,14:0,55.89910197949275,4.041279558573519
750,1,62,62,15:0,80.8283880493154,4.404624225571167
750,1,62,62,16:0,7260.053391637455,8.89028019256041
750,1,62,62,9-16:1,3361.720330899583,8.120505547681457
750,1,62,62,"7,10-16:2",314.73651280093736,5.754908045515249
750,1,62,62,18:0,1016.7081660560877,6.925308482196437
750,1,62,62,11-Me-12-18:1,2778.4573706268147,7.930010997210544
750,1,62,62,9-18:1,3613.661736575611,8.192753558036461
750,1,62,62,11-18:1,3123.415602820778,8.047002537585144
750,1,62,62,"9,12-18:2",10448.67343555215,9.254326006718262
750,1,62,62,"12,15-18:2",176.0741918428137,5.176568807703329
750,1,62,62,20:0,901.4310033157491,6.80509223666487
750,1,62,62,"9,12,15-18:3",11282.458221739835,9.331093058007497
750,1,62,62,22:0,474.16621586420536,6.16366467095924
750,1,62,62,23:0,13.32949489020878,2.6623199928035426
750,1,62,62,24:0,791.6418303598847,6.675371455492773
750,1,62,62,15-24:1,179.91774582161412,5.198042485000816
750,1,62,62,di-16:0,124.65560365041547,4.833544860292549
750,1,62,62,26:0,36.17405481848559,3.6156110668309442
750,1,63,63,14:0,56.13068991608033,4.045341448912016
750,1,63,63,15:0,77.02205466626589,4.356991538854356
750,1,63,63,16:0,7045.317279042661,8.860260387555652
750,1,63,63,9-16:1,2775.1167745818984,7.928808386513532
750,1,63,63,"7,10-16:2",223.47385032152263,5.413759220761159
750,1,63,63,18:0,1047.3816225068745,6.955002942210222
750,1,63,63,11-Me-12-18:1,2214.742380463412,7.703342786805605
750,1,63,63,9-18:1,3511.6051314447463,8.164113243854514
750,1,63,63,11-18:1,2914.791663091118,7.977896644448278
750,1,63,63,"9,12-18:2",11151.46623554142,9.31941593947409
750,1,63,63,"12,15-18:2",169.84943670720156,5.1407826815538264
750,1,63,63,20:0,914.7687003292347,6.819763822230367
750,1,63,63,"9,12,15-18:3",10804.249508362882,9.287787360609853
750,1,63,63,22:0,461.7618159825597,6.137212485395706
750,1,63,63,23:0,6.99384088203265,2.0786713554166067
750,1,63,63,24:0,764.094411174878,6.639999239512235
750,1,63,63,15-24:1,160.4606046450356,5.084261178819486
750,1,63,63,di-16:0,134.86332693720422,4.911649431445107
750,1,63,63,26:0,40.002152155199624,3.713624556916907
750,1,64,64,14:0,64.97758605243739,4.189315079081398
750,1,64,64,15:0,68.70500531200761,4.24427212741203
750,1,64,64,16:0,6534.790361219262,8.785048561548585
750,1,64,64,9-16:1,2732.984962568794,7.913515517111049
750,1,64,64,"7,10-16:2",335.8589801415569,5.819664386221742
750,1,64,64,18:0,938.3539707279855,6.845192373806078
750,1,64,64,11-Me-12-18:1,3018.4918949533935,8.012843849509677
750,1,64,64,9-18:1,1977.989097988272,7.5903414367386155
750,1,64,64,11-18:1,1856.416470447065,7.526941806777054
750,1,64,64,"9,12-18:2",8883.233751037162,9.092033496131164
750,1,64,64,"12,15-18:2",148.23187150008346,5.005501280909324
750,1,64,64,20:0,405.3241110022514,6.007151144088615
750,1,64,64,"9,12,15-18:3",9984.97240369432,9.20893662755727
750,1,64,64,22:0,381.3946090519585,5.9464530834104
750,1,64,64,23:0,17.67967277968503,2.927435915499787
750,1,64,64,24:0,859.7053248227936,6.7577521982550826
750,1,64,64,15-24:1,143.05684002732846,4.970207944105606
750,1,64,64,di-16:0,79.27659302187476,4.3854780843364445
750,1,64,64,26:0,42.148072084739304,3.7646377371509665
750,1,65,65,14:0,57.524380683070106,4.069443431229059
750,1,65,65,15:0,105.35259516530377,4.6667599434670315
750,1,65,65,16:0,7808.797740300242,8.963134344969607
750,1,65,65,9-16:1,3271.2880587901295,8.093244731375108
750,1,65,65,"7,10-16:2",420.60024074771644,6.044057568260473
750,1,65,65,18:0,1036.2953183502466,6.944371949124066
750,1,65,65,11-Me-12-18:1,3046.0555555724027,8.021931011695239
750,1,65,65,9-18:1,1734.6002573499827,7.459108602201428
750,1,65,65,11-18:1,2643.3351234573443,7.880174941599759
750,1,65,65,"9,12-18:2",12212.014274046418,9.410257405928812
750,1,65,65,"12,15-18:2",181.1522373299154,5.204842806277384
750,1,65,65,20:0,588.727683144815,6.379660876359096
750,1,65,65,"9,12,15-18:3",12078.664417461707,9.399278691091487
750,1,65,65,22:0,432.4267068916683,6.0717227090119
750,1,65,65,23:0,20.805275125063673,3.0821519187369675
750,1,65,65,24:0,661.5301751216123,6.496066104176505
750,1,65,65,15-24:1,125.58185174694167,4.840889148304318
750,1,65,65,di-16:0,52.20650919898556,3.9741807422274267
750,1,65,65,26:0,43.687457072022504,3.799692859827695
750,1,66,66,14:0,72.96005693737736,4.303525176358776
750,1,66,66,15:0,92.83340291940931,4.541520900503644
750,1,66,66,16:0,7571.911105197472,8.93233283065822
750,1,66,66,9-16:1,3356.2711234107715,8.118883757320491
750,1,66,66,"7,10-16:2",412.21989531564344,6.023979885446561
750,1,66,66,18:0,1026.215148752488,6.934606680444249
750,1,66,66,11-Me-12-18:1,2553.761948709509,7.845714327537652
750,1,66,66,9-18:1,1952.290224393438,7.577270524236261
750,1,66,66,11-18:1,3102.6060444003065,8.040319954562783
750,1,66,66,"9,12-18:2",10858.081075599534,9.292756974401344
750,1,66,66,"12,15-18:2",199.439881434096,5.300514358563191
750,1,66,66,20:0,857.7690325119677,6.755500006332555
750,1,66,66,"9,12,15-18:3",11861.255323290774,9.381116816639354
750,1,66,66,22:0,575.456268313583,6.356899479613393
750,1,66,66,23:0,25.063059122905656,3.260518952485956
750,1,66,66,24:0,564.6248318878164,6.337931017239236
750,1,66,66,15-24:1,131.87472617347956,4.889406775877144
750,1,66,66,di-16:0,167.59916109892063,5.127524069866887
750,1,66,66,26:0,19.698876594494898,3.0300794280012626
750,5,100,31,14:0,21.527791051438538,3.114749704872184
750,5,100,31,15:0,31.919965974201116,3.494079342217846
750,5,100,31,16:0,2772.3623443578203,7.927815705798377
750,5,100,31,9-16:1,1365.5562849837968,7.2200491936774265
750,5,100,31,"7,10-16:2",66.50936498155086,4.212266328722336
750,5,100,31,18:0,430.27932979946684,6.066755977162116
750,5,100,31,11-Me-12-18:1,1722.8564648473337,7.452319190708468
750,5,100,31,9-18:1,1207.2564478381512,7.096933647220908
750,5,100,31,11-18:1,997.8641764259252,6.90661880987161
750,5,100,31,"9,12-18:2",6236.791235418324,8.73838143001881
750,5,100,31,"12,15-18:2",90.0447990548525,4.511351682684358
750,5,100,31,20:0,161.95952794942826,5.093501875187724
750,5,100,31,"9,12,15-18:3",2659.7687523879194,7.886370364679056
750,5,100,31,22:0,121.67969969852707,4.809576891399291
750,5,100,31,23:0,3.081470990223089,1.4064574602576732
750,5,100,31,24:0,332.5187602575078,5.809699116419758
750,5,100,31,15-24:1,48.861640523883764,3.909251980159102
750,5,100,31,di-16:0,21.315794343597304,3.105294694292731
750,5,100,31,26:0,29.1885573036726,3.4074629553517477
750,5,101,32,14:0,29.01352519128973,3.4016481197741264
750,5,101,32,15:0,38.94531212900681,3.6875113218728544
750,5,101,32,16:0,3499.999324328322,8.160803727960737
750,5,101,32,9-16:1,2091.9655259330484,7.646337251184238
750,5,101,32,"7,10-16:2",65.18905569623958,4.192515127466736
750,5,101,32,18:0,357.4191732384385,5.8817031764289105
750,5,101,32,11-Me-12-18:1,1938.0575387276463,7.569957329236437
750,5,101,32,9-18:1,4188.8440455362825,8.340418791587746
750,5,101,32,11-18:1,1702.405621344079,7.440384832774377
750,5,101,32,"9,12-18:2",7062.011319749047,8.862626772090499
750,5,101,32,"12,15-18:2",100.58067338102212,4.6208532944220275
750,5,101,32,20:0,185.4678598152086,5.228258890802241
750,5,101,32,"9,12,15-18:3",3393.6500382962613,8.129955953176223
750,5,101,32,22:0,183.09240836536367,5.215437850916019
750,5,101,32,23:0,9.790730411291213,2.3786874703330954
750,5,101,32,24:0,286.68192066946006,5.661855427670382
750,5,101,32,15-24:1,54.80087489676825,4.021789548417901
750,5,101,32,di-16:0,23.2804409376979,3.189671126557612
750,5,101,32,26:0,24.50274110914519,3.2387859408635453
750,5,102,33,14:0,41.50861624779,3.7497067906244768
750,5,102,33,15:0,7.579012422681106,2.149318804623479
750,5,102,33,16:0,4471.020060141359,8.405595500545214
750,5,102,33,9-16:1,2156.8421515684704,7.676863997437738
750,5,102,33,"7,10-16:2",110.06282715678182,4.710096051610312
750,5,102,33,18:0,508.1786302759239,6.232798898551863
750,5,102,33,11-Me-12-18:1,1841.9949527476429,7.51914721905926
750,5,102,33,9-18:1,2898.711442646052,7.972366508488015
750,5,102,33,11-18:1,2061.4671692470656,7.631658200141327
750,5,102,33,"9,12-18:2",9162.905534330028,9.123027735175649
750,5,102,33,"12,15-18:2",147.21623546087375,4.998672257879753
750,5,102,33,20:0,317.00583731163516,5.7620697389375986
750,5,102,33,"9,12,15-18:3",5060.943293209959,8.529505738594665
750,5,102,33,22:0,216.55012432540607,5.382429280646214
750,5,102,33,23:0,12.481550829613308,2.6013221455740148
750,5,102,33,24:0,335.23426948528515,5.817808147621832
750,5,102,33,15-24:1,82.18149850956847,4.421024949415398
750,5,102,33,di-16:0,33.80944502742217,3.5498887587896846
750,5,102,33,26:0,27.055405176198228,3.3341813113085292
750,5,97,67,14:0,20.444176047360944,3.065453095564168
750,5,97,67,15:0,30.888222418881828,3.46223673844868
750,5,97,67,16:0,3067.850590534318,8.029058369998465
750,5,97,67,9-16:1,1766.830099534779,7.477508141031722
750,5,97,67,"7,10-16:2",69.57286897197302,4.256645778458347
750,5,97,67,18:0,526.2951093937116,6.267760371685356
750,5,97,67,11-Me-12-18:1,1191.399121032627,7.083722624662272
750,5,97,67,9-18:1,3317.6670569519524,8.107318492422404
750,5,97,67,11-18:1,2062.7875485810023,7.632298189414554
750,5,97,67,"9,12-18:2",7226.972167850301,8.885713801102922
750,5,97,67,"12,15-18:2",87.09839845088487,4.478454354012822
750,5,97,67,20:0,270.3971781336595,5.603583349902571
750,5,97,67,"9,12,15-18:3",3683.4932968343755,8.211888290917674
750,5,97,67,22:0,139.97013331680702,4.948548047492872
750,5,97,67,23:0,8.619807270811302,2.263824230257728
750,5,97,67,24:0,281.5256146169044,5.643769217686391
750,5,97,67,15-24:1,36.12262795615438,3.614226701644672
750,5,97,67,di-16:0,38.79373996505664,3.683709612609311
750,5,97,67,26:0,36.206433844375965,3.616481699130294
750,5,98,68,14:0,27.52470430316677,3.350770529460116
750,5,98,68,15:0,41.334294986832106,3.7455975137568527
750,5,98,68,16:0,3160.3257851763815,8.05874677086452
750,5,98,68,9-16:1,1978.8224364194202,7.590762441091167
750,5,98,68,"7,10-16:2",76.06473285102557,4.344645755051775
750,5,98,68,18:0,434.84600250704364,6.07728897569829
750,5,98,68,11-Me-12-18:1,1188.6076599744356,7.081378834242931
750,5,98,68,9-18:1,3334.6039221556207,8.112409028059249
750,5,98,68,11-18:1,2028.9480355830744,7.615765473473254
750,5,98,68,"9,12-18:2",7663.238133682037,8.944320390890585
750,5,98,68,"12,15-18:2",66.43015203907697,4.211092277512997
750,5,98,68,20:0,404.5450416483539,6.005231944201578
750,5,98,68,"9,12,15-18:3",3305.2948461488113,8.103583459567188
750,5,98,68,22:0,209.7345259856246,5.350599170630568
750,5,98,68,23:0,13.032897310166279,2.6414043810030576
750,5,98,68,24:0,243.99127335896873,5.501222590967372
750,5,98,68,15-24:1,62.05296957165955,4.143975159980005
750,5,98,68,di-16:0,48.77935520698986,3.907600344002802
750,5,98,68,26:0,15.109476742214676,2.779407716351931
750,5,99,69,14:0,38.63666205260928,3.679754499372556
750,5,99,69,15:0,51.59958568722451,3.9627082430439073
750,5,99,69,16:0,3542.979912272132,8.173005643614138
750,5,99,69,9-16:1,1767.7968798054605,7.478054865523963
750,5,99,69,"7,10-16:2",100.08968708076972,4.616008113709298
750,5,99,69,18:0,460.8253380478095,6.135186763426915
750,5,99,69,11-Me-12-18:1,1262.6091611697518,7.14172731895685
750,5,99,69,9-18:1,2562.352937044051,7.849071421543838
750,5,99,69,11-18:1,1789.8954699047326,7.490471036261835
750,5,99,69,"9,12-18:2",7131.074391364858,8.872357409574294
750,5,99,69,"12,15-18:2",183.0144792153541,5.215014445900775
750,5,99,69,20:0,367.09693353578507,5.9083463098308115
750,5,99,69,"9,12,15-18:3",4431.670374233399,8.396757474712967
750,5,99,69,22:0,252.5836343933021,5.535693687331278
750,5,99,69,23:0,11.502245528597687,2.5259082704623266
750,5,99,69,24:0,271.75681640726344,5.608580615811582
750,5,99,69,15-24:1,64.96075278327828,4.1890599103503225
750,5,99,69,di-16:0,37.55057658687691,3.651971056755512
750,5,99,69,26:0,33.123802606105414,3.5299951644237337
1000,1,67,67,14:0,102.91558358471175,4.643578873236711
1000,1,67,67,15:0,103.7876246810677,4.651935679810031
1000,1,67,67,16:0,9223.987481533659,9.129671111892486
1000,1,67,67,9-16:1,4356.5803713661835,8.379672221599566
1000,1,67,67,"7,10-16:2",583.2293356448432,6.370293603764531
1000,1,67,67,18:0,1909.1943973184248,7.554960294562321
1000,1,67,67,11-Me-12-18:1,4192.121834676525,8.341200803432749
1000,1,67,67,9-18:1,2278.1420518284845,7.731554358074806
1000,1,67,67,11-18:1,3450.914003842546,8.146684139912288
1000,1,67,67,"9,12-18:2",11801.084438228156,9.376031442160928
1000,1,67,67,"12,15-18:2",137.6979069184505,4.932298236496397
1000,1,67,67,20:0,887.5113419226641,6.789547412761024
1000,1,67,67,"9,12,15-18:3",14016.508465648156,9.548062431931882
1000,1,67,67,22:0,446.5484788763154,6.103784864531852
1000,1,67,67,23:0,27.355790264257685,3.344831251444669
1000,1,67,67,24:0,961.726817325188,6.869769692763643
1000,1,67,67,15-24:1,169.83138386823384,5.14067701077632
1000,1,67,67,di-16:0,97.27675062050548,4.5877874846369835
1000,1,67,67,26:0,40.80312052730589,3.732970990507556
1000,1,68,68,14:0,76.32804994681673,4.348056761011074
1000,1,68,68,15:0,78.58626838379186,4.376841570227858
1000,1,68,68,16:0,7022.786924936048,8.85705779956668
1000,1,68,68,9-16:1,3244.793453815303,8.085115115062724
1000,1,68,68,"7,10-16:2",289.34359847772913,5.671065043969459
1000,1,68,68,18:0,1051.8356490238891,6.959242421152687
1000,1,68,68,11-Me-12-18:1,2960.9726878518836,7.993610773938467
1000,1,68,68,9-18:1,3336.6929481972397,8.113035113231374
1000,1,68,68,11-18:1,2851.8117267806247,7.956060357721791
1000,1,68,68,"9,12-18:2",9489.059962965704,9.158000210126236
1000,1,68,68,"12,15-18:2",144.56771163471734,4.980641350419467
1000,1,68,68,20:0,871.178677207409,6.770994307973174
1000,1,68,68,"9,12,15-18:3",9939.719494856536,9.204394680819423
1000,1,68,68,22:0,559.4819192623656,6.328796983762407
1000,1,68,68,23:0,25.26129857081888,3.2680963181782463
1000,1,68,68,24:0,754.9884458671119,6.628026092818182
1000,1,68,68,15-24:1,193.19767548294266,5.268876586078804
1000,1,68,68,di-16:0,121.93432127624114,4.811650239393977
1000,1,68,68,26:0,57.6877353653371,4.072230767445417
1000,1,69,69,14:0,45.161977416262275,3.8321564595895516
1000,1,69,69,15:0,55.71666582666789,4.038068097468365
1000,1,69,69,16:0,5129.319536641949,8.542923224069442
1000,1,69,69,9-16:1,2147.0791321087027,7.672329294851814
1000,1,69,69,"7,10-16:2",209.37521545568868,5.348892676661075
1000,1,69,69,18:0,699.7294407360399,6.552121850671998
1000,1,69,69,11-Me-12-18:1,2535.982839774246,7.838730795593058
1000,1,69,69,9-18:1,1754.9821471362418,7.470783607364474
1000,1,69,69,11-18:1,1567.0908028066747,7.357614109186873
1000,1,69,69,"9,12-18:2",7475.994441335862,8.919586177564554
1000,1,69,69,"12,15-18:2",132.7162018836695,4.895719657646189
1000,1,69,69,20:0,668.7309251075408,6.5068760274032975
1000,1,69,69,"9,12,15-18:3",7398.0922939315815,8.909112608686323
1000,1,69,69,22:0,505.1400033650507,6.226813317509012
1000,1,69,69,23:0,16.902935019293757,2.884964666963809
1000,1,69,69,24:0,718.3727027952594,6.578379586136918
1000,1,69,69,15-24:1,176.00528303111113,5.1761795797617935
1000,1,69,69,di-16:0,39.86250214991383,3.7102128246636976
1000,1,69,69,26:0,47.12526160143296,3.8738072284671055
1000,1,70,70,14:0,53.58458345204623,3.999751488523235
1000,1,70,70,15:0,79.19263961048145,4.38443173523044
1000,1,70,70,16:0,5924.853303694975,8.687079973135068
1000,1,70,70,9-16:1,2806.4773464168866,7.940041617627911
1000,1,70,70,"7,10-16:2",273.10865952244393,5.613524595376083
1000,1,70,70,18:0,724.6434586722455,6.587058790436612
1000,1,70,70,11-Me-12-18:1,2865.6677350229033,7.960905566255828
1000,1,70,70,9-18:1,2150.552015119222,7.6739447281979976
1000,1,70,70,11-18:1,2137.705997457077,7.667956251041315
1000,1,70,70,"9,12-18:2",9638.170915610806,9.173590379301295
1000,1,70,70,"12,15-18:2",101.99757340102086,4.634705428738723
1000,1,70,70,20:0,537.5497011502569,6.2888797878811245
1000,1,70,70,"9,12,15-18:3",7571.940510211533,8.932336713571484
1000,1,70,70,22:0,407.270040393028,6.011928819177378
1000,1,70,70,23:0,17.315732474321297,2.9077603885690095
1000,1,70,70,24:0,785.5252004788559,6.667624763280451
1000,1,70,70,15-24:1,132.7074065598621,4.895653879431156
1000,1,70,70,di-16:0,66.35203105078575,4.2099330590577315
1000,1,70,70,26:0,36.7973791332274,3.6322397651219487
1000,1,71,71,14:0,49.71047282533976,3.9261324538679694
1000,1,71,71,15:0,82.8894219911911,4.429499526754494
1000,1,71,71,16:0,7081.929206330131,8.865442830832874
1000,1,71,71,9-16:1,2531.3658806413177,7.836909275447522
1000,1,71,71,"7,10-16:2",218.87679423223693,5.393067363262003
1000,1,71,71,18:0,838.7873083042291,6.733148655375985
1000,1,71,71,11-Me-12-18:1,2576.9778982730113,7.854760610255638
1000,1,71,71,9-18:1,4502.925676769041,8.41270466807792
1000,1,71,71,11-18:1,2208.5009720508074,7.700521964512227
1000,1,71,71,"9,12-18:2",11626.07374754854,9.361091601432404
1000,1,71,71,"12,15-18:2",121.36815569110226,4.807034170306834
1000,1,71,71,20:0,522.3817690857226,6.260311157784636
1000,1,71,71,"9,12,15-18:3",8681.16527745471,9.069026232473401
1000,1,71,71,22:0,441.07122188959664,6.091471004593593
1000,1,71,71,23:0,27.811867826513108,3.360787379570846
1000,1,71,71,24:0,911.2606122512207,6.815925708300383
1000,1,71,71,15-24:1,149.57182775136906,5.014440231142654
1000,1,71,71,di-16:0,68.98502160888205,4.248281242137041
1000,1,71,71,26:0,36.714251885624556,3.6300380571185245
1000,1,72,72,14:0,64.69152882199172,4.1849699799170414
1000,1,72,72,15:0,39.34148114828104,3.697380248467819
1000,1,72,72,16:0,6952.482216138418,8.846997851374361
1000,1,72,72,9-16:1,2715.250685394296,7.907007783901688
1000,1,72,72,"7,10-16:2",245.07360251510588,5.505630688397679
1000,1,72,72,18:0,973.6760777047338,6.882105187802756
1000,1,72,72,11-Me-12-18:1,3187.842540701283,8.067413290031011
1000,1,72,72,9-18:1,3552.8852966052978,8.175796733743933
1000,1,72,72,11-18:1,2506.9205265331575,7.827209213265552
1000,1,72,72,"9,12-18:2",10766.783503529901,9.284313946140962
1000,1,72,72,"12,15-18:2",139.19947290237678,4.943066214981274
1000,1,72,72,20:0,705.255673644551,6.559977315907393
1000,1,72,72,"9,12,15-18:3",9182.335675324453,9.125145780939175
1000,1,72,72,22:0,493.4554934662938,6.203457143910716
1000,1,72,72,23:0,32.24717493967953,3.503969799272035
1000,1,72,72,24:0,867.7294059521628,6.76703169121922
1000,1,72,72,15-24:1,159.7069912380576,5.079582776701061
1000,1,72,72,di-16:0,53.90166348233922,4.005543648281201
1000,1,72,72,26:0,43.7521670536148,3.801139869327476
1000,5,103,34,14:0,0.0,0.0
1000,5,103,34,15:0,16.604987720404996,2.868182255100666
1000,5,103,34,16:0,1046.033286189273,6.953716002332015
1000,5,103,34,9-16:1,554.0296386686178,6.319021515327063
1000,5,103,34,"7,10-16:2",33.04300648857879,3.5276246220311642
1000,5,103,34,18:0,210.21925011989757,5.352896694079556
1000,5,103,34,11-Me-12-18:1,546.6971311955768,6.30572245386392
1000,5,103,34,9-18:1,864.9416962254022,6.763817580921156
1000,5,103,34,11-18:1,813.784465662276,6.702923618955242
1000,5,103,34,"9,12-18:2",1381.5996134737,7.2317207839463205
1000,5,103,34,"12,15-18:2",117.30338226799834,4.773252361175793
1000,5,103,34,20:0,128.98464487354465,4.867416327121948
1000,5,103,34,"9,12,15-18:3",1057.5552373246387,6.964660273743009
1000,5,103,34,22:0,37.08526255210371,3.639827397646432
1000,5,103,34,23:0,0.0,0.0
1000,5,103,34,24:0,94.93375122929928,4.563657861883724
1000,5,103,34,15-24:1,10.638346746284435,2.4543054001096287
1000,5,103,34,di-16:0,11.57888838388235,2.532019883606648
1000,5,103,34,26:0,0.0,0.0
1000,5,104,35,14:0,23.461655643468394,3.197106815763421
1000,5,104,35,15:0,33.67980223811977,3.54615744941972
1000,5,104,35,16:0,2427.9430822398367,7.795211496138015
1000,5,104,35,9-16:1,1350.5419642618288,7.209001415372695
1000,5,104,35,"7,10-16:2",52.08051334252622,3.9718098805273816
1000,5,104,35,18:0,359.7732417058802,5.888249621651836
1000,5,104,35,11-Me-12-18:1,1079.1500586856046,6.9848552536939605
1000,5,104,35,9-18:1,4637.140659858647,8.442068845052594
1000,5,104,35,11-18:1,1720.4109295328124,7.450899541406797
1000,5,104,35,"9,12-18:2",5333.550229082045,8.581959854480344
1000,5,104,35,"12,15-18:2",109.18622682969419,4.702171905511134
1000,5,104,35,20:0,284.545373502417,5.654400942921893
1000,5,104,35,"9,12,15-18:3",2595.813878366353,7.862040541156995
1000,5,104,35,22:0,142.33133140750687,4.965158952997589
1000,5,104,35,23:0,0.022184131021716916,0.02194164289355843
1000,5,104,35,24:0,229.09005485036892,5.438470775117996
1000,5,104,35,15-24:1,56.571485824150514,4.053027407355028
1000,5,104,35,di-16:0,22.64486794049674,3.163146090988119
1000,5,104,35,26:0,19.119399108636657,3.0016844794096476
1000,5,105,36,14:0,0.0,0.0
1000,5,105,36,15:0,31.390566245370337,3.4778672151351
1000,5,105,36,16:0,1977.4526616865176,7.590070334174072
1000,5,105,36,9-16:1,1047.3542267757646,6.954976810419591
1000,5,105,36,"7,10-16:2",62.465489381321625,4.150496283853058
1000,5,105,36,18:0,397.4047682571712,5.987468494155817
1000,5,105,36,11-Me-12-18:1,1033.4926349786008,6.941666377758225
1000,5,105,36,9-18:1,1635.1116948061351,7.400077787941075
1000,5,105,36,11-18:1,1538.4025335612791,7.3391496549097495
1000,5,105,36,"9,12-18:2",2611.817299812279,7.868184343371668
1000,5,105,36,"12,15-18:2",221.7538280600302,5.406067251657931
1000,5,105,36,20:0,243.83643684138892,5.500590382868433
1000,5,105,36,"9,12,15-18:3",1999.2341032919314,7.601019504338039
1000,5,105,36,22:0,70.1070913432973,4.26418706943485
1000,5,105,36,23:0,0.0,0.0
1000,5,105,36,24:0,179.46560738631752,5.195540218821707
1000,5,105,36,15-24:1,20.11104939692883,3.0497965715166226
1000,5,105,36,di-16:0,21.889077485758175,3.130659831088462
1000,5,105,36,26:0,0.0,0.0
1000,5,106,70,14:0,45.45483360292896,3.8384805201888725
1000,5,106,70,15:0,61.402696085980324,4.133608480948102
1000,5,106,70,16:0,3491.0130913710555,8.158233665913249
1000,5,106,70,9-16:1,2467.141711437167,7.811220802921883
1000,5,106,70,"7,10-16:2",130.01965564175882,4.875347355012678
1000,5,106,70,18:0,479.99944570177513,6.175866117717935
1000,5,106,70,11-Me-12-18:1,1495.5636261712534,7.3109268430419725
1000,5,106,70,9-18:1,4421.72337656367,8.394510933873981
1000,5,106,70,11-18:1,2634.1802010546717,7.876706846134174
1000,5,106,70,"9,12-18:2",6004.081443070264,8.700361296965038
1000,5,106,70,"12,15-18:2",170.46694710555414,5.144390519784022
1000,5,106,70,20:0,604.6128449334315,6.406240912158264
1000,5,106,70,"9,12,15-18:3",4812.369918565668,8.479152724559864
1000,5,106,70,22:0,350.65479716955076,5.862650004547941
1000,5,106,70,23:0,9.119068424565342,2.314421606713627
1000,5,106,70,24:0,247.96002907728737,5.517292357785037
1000,5,106,70,15-24:1,80.78720479018112,4.404120810715781
1000,5,106,70,di-16:0,88.9252554607936,4.498978830398265
1000,5,106,70,26:0,12.459581189469864,2.5996912085370902
1000,5,107,71,14:0,39.77923552225139,3.708173018581466
1000,5,107,71,15:0,44.27667319235159,3.8127919592953727
1000,5,107,71,16:0,3142.3252160288357,8.053036504568626
1000,5,107,71,9-16:1,1878.627538301757,7.538828918271449
1000,5,107,71,"7,10-16:2",76.51507028283473,4.350472372717711
1000,5,107,71,18:0,510.89722254791604,6.238123867677996
1000,5,107,71,11-Me-12-18:1,1039.9680882017774,6.947906413199638
1000,5,107,71,9-18:1,4848.845750206587,8.486702179344652
1000,5,107,71,11-18:1,2308.363551685576,7.744727246802742
1000,5,107,71,"9,12-18:2",6867.460947297396,8.834695334980355
1000,5,107,71,"12,15-18:2",133.151059084969,4.898966471622199
1000,5,107,71,20:0,621.6172481766353,6.4339319610876915
1000,5,107,71,"9,12,15-18:3",3678.761286909279,8.210603161371282
1000,5,107,71,22:0,308.9967203320289,5.736561717849128
1000,5,107,71,23:0,8.381919469480131,2.2387843763563313
1000,5,107,71,24:0,275.6374298817146,5.622707731412191
1000,5,107,71,15-24:1,72.82263282180075,4.30166536239258
1000,5,107,71,di-16:0,20.748578881194682,3.079548416604374
1000,5,107,71,26:0,31.199907909997613,3.4719635926083106
1000,5,108,72,14:0,35.59125480533256,3.5998092721116595
1000,5,108,72,15:0,43.82018309390934,3.8026585534583535
1000,5,108,72,16:0,2872.2191245543495,7.96318832636475
1000,5,108,72,9-16:1,1990.763766745259,7.59677584012074
1000,5,108,72,"7,10-16:2",102.58842082888567,4.640425555517918
1000,5,108,72,18:0,350.90712742707643,5.863367298248817
1000,5,108,72,11-Me-12-18:1,1009.6588465974812,6.918357720528744
1000,5,108,72,9-18:1,4405.0184723954335,8.39072671990807
1000,5,108,72,11-18:1,2511.8167540760237,7.829159615695056
1000,5,108,72,"9,12-18:2",6966.204272229364,8.848969314570063
1000,5,108,72,"12,15-18:2",111.79801988364531,4.725598784686879
1000,5,108,72,20:0,321.3673803979364,5.775691828087937
1000,5,108,72,"9,12,15-18:3",3363.0495312038447,8.120900744885706
1000,5,108,72,22:0,148.97871929052405,5.010493412635051
1000,5,108,72,23:0,6.431439250141186,2.0057195479304863
1000,5,108,72,24:0,146.0588411820516,4.99083278683802
1000,5,108,72,15-24:1,38.745293934809986,3.6824914425143978
1000,5,108,72,di-16:0,89.27007493627949,4.502806009444642
1000,5,108,72,26:0,9.88051355717393,2.386973442259953
