Sample,FattyAcid,Standard,Ni,Week,Area
37,14:0,,0,1,82121.704
37,15:0,,0,1,63504.39
37,16:0,,0,1,6832628.462
37,9-16:1,,0,1,2103655.33
37,17:0,0.05008,0,1,9308462.254
37,"7,10-16:2",,0,1,219448.419
37,18:0,,0,1,1211534.862
37,11-Me-12-18:1,,0,1,3133434.778
37,9-18:1,,0,1,400198.752
37,11-18:1,,0,1,2151426.187
37,"9,12-18:2",,0,1,8162641.589
37,"12,15-18:2",,0,1,68286.612
37,20:0,,0,1,930279.12
37,"9,12,15-18:3",,0,1,9567020.438
37,22:0,,0,1,846537.404
37,23:0,,0,1,20702.777
37,24:0,,0,1,1305857.297
37,15-24:1,,0,1,173368.773
37,di-16:0,,0,1,87349.101
37,26:0,,0,1,75331.429
38,14:0,,0,1,81873.413
38,15:0,,0,1,187908.405
38,16:0,,0,1,10899997.344
38,9-16:1,,0,1,5888842.489
38,17:0,0.05008,0,1,11580325.753
38,"7,10-16:2",,0,1,827673.678
38,18:0,,0,1,4251922.035
38,11-Me-12-18:1,,0,1,4657248.02
38,9-18:1,,0,1,554204.025
38,11-18:1,,0,1,4039602.869
38,"9,12-18:2",,0,1,11901948.094
38,"12,15-18:2",,0,1,410568.702
38,20:0,,0,1,1744024.175
38,"9,12,15-18:3",,0,1,19130472.812
38,22:0,,0,1,1318280.47
38,23:0,,0,1,22884.244
38,24:0,,0,1,1770017.755
38,15-24:1,,0,1,197615.39
38,di-16:0,,0,1,137408.219
38,26:0,,0,1,44607.992
39,14:0,,0,1,182397.849
39,15:0,,0,1,325975.976
39,16:0,,0,1,21448095.359
39,9-16:1,,0,1,8640990.251
39,17:0,0.05008,0,1,11266983.13
39,"7,10-16:2",,0,1,657336.959
39,18:0,,0,1,4358715.62
39,11-Me-12-18:1,,0,1,7310903.704
39,9-18:1,,0,1,1971338.587
39,11-18:1,,0,1,6092173.612
39,"9,12-18:2",,0,1,24865400.669
39,"12,15-18:2",,0,1,155432.929
39,20:0,,0,1,1305535.694
39,"9,12,15-18:3",,0,1,31740998.838
39,22:0,,0,1,614180.327
39,23:0,,0,1,43998.893
39,24:0,,0,1,1329280.515
39,15-24:1,,0,1,266225.519
39,di-16:0,,0,1,163353.035
39,26:0,,0,1,84330.338
40,14:0,,0,1,169808.798
40,15:0,,0,1,229313.912
40,16:0,,0,1,22227124.197
40,9-16:1,,0,1,9258163.251
40,17:0,0.05008,0,1,12344869.485
40,"7,10-16:2",,0,1,1399498.157
40,18:0,,0,1,4324021.616
40,11-Me-12-18:1,,0,1,7408431.405
40,9-18:1,,0,1,1517753.597
40,11-18:1,,0,1,8424420.167
40,"9,12-18:2",,0,1,20667943.744
40,"12,15-18:2",,0,1,418823.955
40,20:0,,0,1,1916421.444
40,"9,12,15-18:3",,0,1,40151703.787
40,22:0,,0,1,1252791.671
40,23:0,,0,1,41845.216
40,24:0,,0,1,2049422.738
40,15-24:1,,0,1,396238.955
40,di-16:0,,0,1,281170.875
40,26:0,,0,1,47686.691
41,14:0,,0,1,352059.149
41,15:0,,0,1,419254.972
41,16:0,,0,1,31056989.454
41,9-16:1,,0,1,10157194.124
41,17:0,0.05008,0,1,13684270.28
41,"7,10-16:2",,0,1,909627.846
41,18:0,,0,1,4431626.73
41,11-Me-12-18:1,,0,1,9379045.794
41,9-18:1,,0,1,3266676.421
41,11-18:1,,0,1,10152459.999
41,"9,12-18:2",,0,1,39014552.86
41,"12,15-18:2",,0,1,482028.87
41,20:0,,0,1,2930972.542
41,"9,12,15-18:3",,0,1,45158281.791
41,22:0,,0,1,2811422.025
41,23:0,,0,1,124685.19
41,24:0,,0,1,4817465.908
41,15-24:1,,0,1,681717.313
41,di-16:0,,0,1,158959.619
41,26:0,,0,1,156730.431
42,14:0,,0,1,521735.716
42,15:0,,0,1,381466.411
42,16:0,,0,1,31370025.591
42,9-16:1,,0,1,9435823.666
42,17:0,0.05008,0,1,10487391.657
42,"7,10-16:2",,0,1,950108.177
42,18:0,,0,1,5702176.655
42,11-Me-12-18:1,,0,1,9381489.195
42,9-18:1,,0,1,2671635.018
42,11-18:1,,0,1,8458469.248
42,"9,12-18:2",,0,1,35434810.631
42,"12,15-18:2",,0,1,429696.775
42,20:0,,0,1,2603430.798
42,"9,12,15-18:3",,0,1,49112090.366
42,22:0,,0,1,2377046.1
42,23:0,,0,1,111191.784
42,24:0,,0,1,3921463.878
42,15-24:1,,0,1,811785.974
42,di-16:0,,0,1,356420.609
42,26:0,,0,1,196845.537
19,14:0,,0,5,237456.66
19,15:0,,0,5,317299.731
19,16:0,,0,5,20371547.413
19,9-16:1,,0,5,7906582.995
19,17:0,0.05008,0,5,18347405.018
19,"7,10-16:2",,0,5,856502.13
19,18:0,,0,5,3349244.293
19,11-Me-12-18:1,,0,5,7028408.031
19,9-18:1,,0,5,2172485.409
19,11-18:1,,0,5,8176950.568
19,"9,12-18:2",,0,5,25592165.338
19,"12,15-18:2",,0,5,532517.345
19,20:0,,0,5,2513693.352
19,"9,12,15-18:3",,0,5,39153709.333
19,22:0,,0,5,1932921.369
19,23:0,,0,5,43550.193
19,24:0,,0,5,1454744.365
19,15-24:1,,0,5,392167.824
19,di-16:0,,0,5,203227.031
19,26:0,,0,5,44725.573
20,14:0,,0,5,436623.895
20,15:0,,0,5,529062.681
20,16:0,,0,5,39545947.938
20,9-16:1,,0,5,14608258.708
20,17:0,0.05008,0,5,19343571.849
20,"7,10-16:2",,0,5,2351613.887
20,18:0,,0,5,7872796.575
20,11-Me-12-18:1,,0,5,11736027.014
20,9-18:1,,0,5,1871277.803
20,11-18:1,,0,5,13108937.268
20,"9,12-18:2",,0,5,43451867.821
20,"12,15-18:2",,0,5,523146.057
20,20:0,,0,5,3047732.995
20,"9,12,15-18:3",,0,5,65614008.206
20,22:0,,0,5,1988600.159
20,23:0,,0,5,90571.584
20,24:0,,0,5,2889714.784
20,15-24:1,,0,5,641189.703
20,di-16:0,,0,5,184186.06
20,26:0,,0,5,96061.904
21,14:0,,0,5,349809.581
21,15:0,,0,5,532376.141
21,16:0,,0,5,26588382.86
21,9-16:1,,0,5,12292714.162
21,17:0,0.05008,0,5,19508136.6
21,"7,10-16:2",,0,5,1854702.828
21,18:0,,0,5,5004694.979
21,11-Me-12-18:1,,0,5,10004201.211
21,9-18:1,,0,5,1502198.629
21,11-18:1,,0,5,10043450.705
21,"9,12-18:2",,0,5,33304367.231
21,"12,15-18:2",,0,5,861483.407
21,20:0,,0,5,3391814.34
21,"9,12,15-18:3",,0,5,43281461.827
21,22:0,,0,5,1965984.117
21,23:0,,0,5,120540.252
21,24:0,,0,5,2227568.751
21,15-24:1,,0,5,401826.509
21,di-16:0,,0,5,193011.64
21,26:0,,0,5,61438.705
55,14:0,,0,5,430049.65
55,15:0,,0,5,431747.589
55,16:0,,0,5,34352119.558
55,9-16:1,,0,5,13727815.38
55,17:0,0.05008,0,5,13073383.23
55,"7,10-16:2",,0,5,2485900.632
55,18:0,,0,5,9166302.888
55,11-Me-12-18:1,,0,5,12610186.995
55,9-18:1,,0,5,3079810.969
55,11-18:1,,0,5,11690239.847
55,"9,12-18:2",,0,5,41619688.284
55,"12,15-18:2",,0,5,861981.888
55,20:0,,0,5,4005662.225
55,"9,12,15-18:3",,0,5,66207837.81
55,22:0,,0,5,1666775.334
55,23:0,,0,5,93804.021
55,24:0,,0,5,2541736.431
55,15-24:1,,0,5,720185.924
55,di-16:0,,0,5,167997.072
55,26:0,,0,5,130913.462
56,14:0,,0,5,279918.287
56,15:0,,0,5,499182.967
56,16:0,,0,5,31222862.009
56,9-16:1,,0,5,12451762.061
56,17:0,0.05008,0,5,10961441.985
56,"7,10-16:2",,0,5,1381176.686
56,18:0,,0,5,5760858.711
56,11-Me-12-18:1,,0,5,11733697.11
56,9-18:1,,0,5,3792897.39
56,11-18:1,,0,5,8236701.152
56,"9,12-18:2",,0,5,42197167.042
56,"12,15-18:2",,0,5,472874.919
56,20:0,,0,5,2320273.744
56,"9,12,15-18:3",,0,5,52544967.627
56,22:0,,0,5,1677640.802
56,23:0,,0,5,92791.502
56,24:0,,0,5,1845802.959
56,15-24:1,,0,5,430715.184
56,di-16:0,,0,5,358346.414
56,26:0,,0,5,65645.101
57,14:0,,0,5,376564.262
57,15:0,,0,5,335696.716
57,16:0,,0,5,26304101.614
57,9-16:1,,0,5,8840083.225
57,17:0,0.05008,0,5,14725951.806
57,"7,10-16:2",,0,5,1138007.425
57,18:0,,0,5,4790398.053
57,11-Me-12-18:1,,0,5,8393575.679
57,9-18:1,,0,5,2146223.678
57,11-18:1,,0,5,8428904.528
57,"9,12-18:2",,0,5,32123147.902
57,"12,15-18:2",,0,5,497217.594
57,20:0,,0,5,2596351.057
57,"9,12,15-18:3",,0,5,46167488.606
57,22:0,,0,5,1872592.371
57,23:0,,0,5,74008.18
57,24:0,,0,5,1839487.354
57,15-24:1,,0,5,545477.944
57,di-16:0,,0,5,128732.428
57,26:0,,0,5,82796.903
43,14:0,,50,1,374278.901
43,15:0,,50,1,423227.56
43,16:0,,50,1,37243705.592
43,9-16:1,,50,1,10717335.786
43,17:0,0.05008,50,1,13047126.675
43,"7,10-16:2",,50,1,911516.064
43,18:0,,50,1,4469665.678
43,11-Me-12-18:1,,50,1,13172180.965
43,9-18:1,,50,1,4136023.452
43,11-18:1,,50,1,8839879.819
43,"9,12-18:2",,50,1,49791513.02
43,"12,15-18:2",,50,1,333511.453
43,20:0,,50,1,2823416.094
43,"9,12,15-18:3",,50,1,57762956.739
43,22:0,,50,1,2557232.996
43,23:0,,50,1,157308.753
43,24:0,,50,1,3775251.566
43,15-24:1,,50,1,625762.3
43,di-16:0,,50,1,491980.226
43,26:0,,50,1,157895.441
44,14:0,,50,1,181554.212
44,15:0,,50,1,279171.498
44,16:0,,50,1,21061454.289
44,9-16:1,,50,1,7346841.546
44,17:0,0.05008,50,1,12048369.787
44,"7,10-16:2",,50,1,863663.201
44,18:0,,50,1,2615353.381
44,11-Me-12-18:1,,50,1,8533857.296
44,9-18:1,,50,1,2007801.34
44,11-18:1,,50,1,5457708.226
44,"9,12-18:2",,50,1,29853673.896
44,"12,15-18:2",,50,1,389105.064
44,20:0,,50,1,1774847.307
44,"9,12,15-18:3",,50,1,33570992.625
44,22:0,,50,1,1492716.381
44,23:0,,50,1,74877.461
44,24:0,,50,1,1905825.906
44,15-24:1,,50,1,397652.027
44,di-16:0,,50,1,373035.739
44,26:0,,50,1,74361.044
45,14:0,,50,1,431085.213
45,15:0,,50,1,545714.723
45,16:0,,50,1,42443532.748
45,9-16:1,,50,1,15555203.415
45,17:0,0.05008,50,1,12820344.779
45,"7,10-16:2",,50,1,1832416.935
45,18:0,,50,1,4024333.365
45,11-Me-12-18:1,,50,1,15661886.584
45,9-18:1,,50,1,3756983.78
45,11-18:1,,50,1,12351095.678
45,"9,12-18:2",,50,1,56848518.925
45,"12,15-18:2",,50,1,598278.408
45,20:0,,50,1,3271887.312
45,"9,12,15-18:3",,50,1,64638959.704
45,22:0,,50,1,3595478.048
45,23:0,,50,1,108656.181
45,24:0,,50,1,3662666.149
45,15-24:1,,50,1,701237.523
45,di-16:0,,50,1,789316.597
45,26:0,,50,1,92044.334
46,14:0,,50,1,195439.101
46,15:0,,50,1,273448.877
46,16:0,,50,1,23952769.649
46,9-16:1,,50,1,8478429.136
46,17:0,0.05008,50,1,10834946.858
46,"7,10-16:2",,50,1,966324.678
46,18:0,,50,1,3211863.235
46,11-Me-12-18:1,,50,1,8551947.437
46,9-18:1,,50,1,2193722.752
46,11-18:1,,50,1,7162972.171
46,"9,12-18:2",,50,1,34879657.268
46,"12,15-18:2",,50,1,429938.117
46,20:0,,50,1,1935643.851
46,"9,12,15-18:3",,50,1,36944250.131
46,22:0,,50,1,1490539.495
46,23:0,,50,1,69958.182
46,24:0,,50,1,3064336.574
46,15-24:1,,50,1,593929.876
46,di-16:0,,50,1,424235.883
46,26:0,,50,1,103506.959
47,14:0,,50,1,151652.589
47,15:0,,50,1,296343.84
47,16:0,,50,1,22571010.785
47,9-16:1,,50,1,8264418.293
47,17:0,0.05008,50,1,10596844.697
47,"7,10-16:2",,50,1,813874.41
47,18:0,,50,1,3023377.886
47,11-Me-12-18:1,,50,1,9435166.103
47,9-18:1,,50,1,2037840.804
47,11-18:1,,50,1,6770258.387
47,"9,12-18:2",,50,1,32054118.884
47,"12,15-18:2",,50,1,354565.871
47,20:0,,50,1,1440238.189
47,"9,12,15-18:3",,50,1,35315270.663
47,22:0,,50,1,2369366.732
47,23:0,,50,1,57755.486
47,24:0,,50,1,3221915.598
47,15-24:1,,50,1,387933.996
47,di-16:0,,50,1,321046.041
47,26:0,,50,1,115214.666
48,14:0,,50,1,156074.821
48,15:0,,50,1,214417.981
48,16:0,,50,1,19624548.519
48,9-16:1,,50,1,5510939.564
48,17:0,0.05008,50,1,8625806.193
48,"7,10-16:2",,50,1,610305.853
48,18:0,,50,1,2101175.386
48,11-Me-12-18:1,,50,1,5070219.009
48,9-18:1,,50,1,2235224.02
48,11-18:1,,50,1,5630890.367
48,"9,12-18:2",,50,1,28546306.135
48,"12,15-18:2",,50,1,249742.835
48,20:0,,50,1,1130975.964
48,"9,12,15-18:3",,50,1,32964741.095
48,22:0,,50,1,1007956.012
48,23:0,,50,1,24493.489
48,24:0,,50,1,1855291.208
48,15-24:1,,50,1,342764.904
48,di-16:0,,50,1,221120.71
48,26:0,,50,1,30917.563
22,14:0,,50,5,336866.98
22,15:0,,50,5,252867.91
22,16:0,,50,5,22058258.783
22,9-16:1,,50,5,7510747.131
22,17:0,0.05008,50,5,18650399.362
22,"7,10-16:2",,50,5,1038650.355
22,18:0,,50,5,3273155.456
22,11-Me-12-18:1,,50,5,7585205.483
22,9-18:1,,50,5,1791312.878
22,11-18:1,,50,5,7420299.856
22,"9,12-18:2",,50,5,34348662.668
22,"12,15-18:2",,50,5,1015915.439
22,20:0,,50,5,2669558.994
22,"9,12,15-18:3",,50,5,35375211.324
22,22:0,,50,5,1761079.138
22,23:0,,50,5,88466.524
22,24:0,,50,5,1045179.963
22,15-24:1,,50,5,355639.746
22,di-16:0,,50,5,394423.317
22,26:0,,50,5,56839.837
23,14:0,,50,5,283032.511
23,15:0,,50,5,518156.926
23,16:0,,50,5,27354155.7
23,9-16:1,,50,5,11539709.297
23,17:0,0.05008,50,5,18309949.222
23,"7,10-16:2",,50,5,1300215.139
23,18:0,,50,5,4759112.991
23,11-Me-12-18:1,,50,5,9544359.97
23,9-18:1,,50,5,1918850.67
23,11-18:1,,50,5,9470424.508
23,"9,12-18:2",,50,5,40400463.023
23,"12,15-18:2",,50,5,949378.664
23,20:0,,50,5,2610984.142
23,"9,12,15-18:3",,50,5,47171995.676
23,22:0,,50,5,1862567.64
23,23:0,,50,5,98143.239
23,24:0,,50,5,2239361.582
23,15-24:1,,50,5,400019.99
23,di-16:0,,50,5,191373.142
23,26:0,,50,5,88591.168
24,14:0,,50,5,517199.739
24,15:0,,50,5,136933.803
24,16:0,,50,5,55715204.493
24,9-16:1,,50,5,21494048.345
24,17:0,0.05008,50,5,20812768.795
24,"7,10-16:2",,50,5,1934520.554
24,18:0,,50,5,10344802.266
24,11-Me-12-18:1,,50,5,19941819.941
24,9-18:1,,50,5,5804040.252
24,11-18:1,,50,5,13895044.482
24,"9,12-18:2",,50,5,88716446.576
24,"12,15-18:2",,50,5,1021055.836
24,20:0,,50,5,4736684.268
24,"9,12,15-18:3",,50,5,92360982.127
24,22:0,,50,5,2713229.675
24,23:0,,50,5,297937.715
24,24:0,,50,5,4276015.353
24,15-24:1,,50,5,938575.479
24,di-16:0,,50,5,454116.575
24,26:0,,50,5,160970.445
58,14:0,,50,5,313777.74
58,15:0,,50,5,314880.694
58,16:0,,50,5,22050356.82
58,9-16:1,,50,5,9593658.13
58,17:0,0.05008,50,5,13530832.764
58,"7,10-16:2",,50,5,1151407.964
58,18:0,,50,5,3318308.943
58,11-Me-12-18:1,,50,5,8187739.695
58,9-18:1,,50,5,2773286.036
58,11-18:1,,50,5,9190796.154
58,"9,12-18:2",,50,5,30452523.81
58,"12,15-18:2",,50,5,385585.901
58,20:0,,50,5,2263626.866
58,"9,12,15-18:3",,50,5,34259364.669
58,22:0,,50,5,1415473.296
58,23:0,,50,5,36462.301
58,24:0,,50,5,1628389.823
58,15-24:1,,50,5,393206.725
58,di-16:0,,50,5,256003.957
58,26:0,,50,5,76706.382
59,14:0,,50,5,508468.973
59,15:0,,50,5,247631.083
59,16:0,,50,5,24968266.511
59,9-16:1,,50,5,8648876.136
59,17:0,0.05008,50,5,14057068.349
59,"7,10-16:2",,50,5,703229.198
59,18:0,,50,5,2647538.122
59,11-Me-12-18:1,,50,5,8619734.34
59,9-18:1,,50,5,4300307.545
59,11-18:1,,50,5,8638329.116
59,"9,12-18:2",,50,5,35501271.992
59,"12,15-18:2",,50,5,487264.415
59,20:0,,50,5,2276997.545
59,"9,12,15-18:3",,50,5,38454054.593
59,22:0,,50,5,1955584.767
59,23:0,,50,5,0.0
59,24:0,,50,5,1726483.289
59,15-24:1,,50,5,568868.532
59,di-16:0,,50,5,365540.682
59,26:0,,50,5,109783.655
60,14:0,,50,5,333100.0
60,15:0,,50,5,303544.0
60,16:0,,50,5,26674332.0
60,9-16:1,,50,5,10494439.0
60,17:0,0.05008,50,5,13966632.0
60,"7,10-16:2",,50,5,969992.0
60,18:0,,50,5,4109228.0
60,11-Me-12-18:1,,50,5,10369950.0
60,9-18:1,,50,5,3989553.0
60,11-18:1,,50,5,7999904.0
60,"9,12-18:2",,50,5,39120938.0
60,"12,15-18:2",,50,5,543858.0
60,20:0,,50,5,2557438.0
60,"9,12,15-18:3",,50,5,42086747.0
60,22:0,,50,5,1736388.0
60,23:0,,50,5,109841.0
60,24:0,,50,5,1972167.0
60,15-24:1,,50,5,423482.0
60,di-16:0,,50,5,351616.0
60,26:0,,50,5,52909.0
49,14:0,,250,1,138704.451
49,15:0,,250,1,202136.58
49,16:0,,250,1,15217214.685
49,9-16:1,,250,1,5836165.536
49,17:0,0.05008,250,1,8958068.023
49,"7,10-16:2",,250,1,477355.58
49,18:0,,250,1,1529891.84
49,11-Me-12-18:1,,250,1,4775603.725
49,9-18:1,,250,1,2412881.484
49,11-18:1,,250,1,4208949.899
49,"9,12-18:2",,250,1,26798569.398
49,"12,15-18:2",,250,1,242294.143
49,20:0,,250,1,785383.783
49,"9,12,15-18:3",,250,1,21306321.991
49,22:0,,250,1,871224.019
49,23:0,,250,1,33926.362
49,24:0,,250,1,1567019.623
49,15-24:1,,250,1,276740.399
49,di-16:0,,250,1,309843.017
49,26:0,,250,1,30429.886
50,14:0,,250,1,237861.307
50,15:0,,250,1,377501.804
50,16:0,,250,1,28359974.126
50,9-16:1,,250,1,10311259.427
50,17:0,0.05008,250,1,28084064.443
50,"7,10-16:2",,250,1,1192180.719
50,18:0,,250,1,4893686.336
50,11-Me-12-18:1,,250,1,10985886.367
50,9-18:1,,250,1,7278383.177
50,11-18:1,,250,1,9486043.997
50,"9,12-18:2",,250,1,48679323.673
50,"12,15-18:2",,250,1,589934.52
50,20:0,,250,1,2756176.968
50,"9,12,15-18:3",,250,1,49192884.418
50,22:0,,250,1,1369184.497
50,23:0,,250,1,127110.492
50,24:0,,250,1,2810890.255
50,15-24:1,,250,1,714087.021
50,di-16:0,,250,1,360243.233
50,26:0,,250,1,239682.215
51,14:0,,250,1,181396.073
51,15:0,,250,1,289409.355
51,16:0,,250,1,24677873.403
51,9-16:1,,250,1,9473282.34
51,17:0,0.05008,250,1,11854839.975
51,"7,10-16:2",,250,1,721681.143
51,18:0,,250,1,2285722.852
51,11-Me-12-18:1,,250,1,7991961.217
51,9-18:1,,250,1,7351299.364
51,11-18:1,,250,1,6799015.677
51,"9,12-18:2",,250,1,40672524.434
51,"12,15-18:2",,250,1,215608.082
51,20:0,,250,1,1097938.659
51,"9,12,15-18:3",,250,1,33471619.754
51,22:0,,250,1,878829.479
51,23:0,,250,1,60232.057
51,24:0,,250,1,1773978.211
51,15-24:1,,250,1,395036.753
51,di-16:0,,250,1,180762.346
51,26:0,,250,1,156522.757
52,14:0,,250,1,286918.306
52,15:0,,250,1,376540.284
52,16:0,,250,1,31655643.547
52,9-16:1,,250,1,9166721.979
52,17:0,0.05008,250,1,13704100.853
52,"7,10-16:2",,250,1,1156905.619
52,18:0,,250,1,3507321.259
52,11-Me-12-18:1,,250,1,11318375.712
52,9-18:1,,250,1,3574409.2
52,11-18:1,,250,1,7618863.74
52,"9,12-18:2",,250,1,49034349.494
52,"12,15-18:2",,250,1,645895.411
52,20:0,,250,1,2298530.787
52,"9,12,15-18:3",,250,1,50211073.825
52,22:0,,250,1,1633130.493
52,23:0,,250,1,90106.311
52,24:0,,250,1,2771346.208
52,15-24:1,,250,1,397354.676
52,di-16:0,,250,1,263578.666
52,26:0,,250,1,114270.327
53,14:0,,250,1,400419.312
53,15:0,,250,1,546907.201
53,16:0,,250,1,43719717.688
53,9-16:1,,250,1,14606670.766
53,17:0,0.05008,250,1,13477666.995
53,"7,10-16:2",,250,1,1620076.401
53,18:0,,250,1,5504410.444
53,11-Me-12-18:1,,250,1,14975563.003
53,9-18:1,,250,1,5053330.049
53,11-18:1,,250,1,11117943.111
53,"9,12-18:2",,250,1,64007641.739
53,"12,15-18:2",,250,1,1073794.637
53,20:0,,250,1,4442732.637
53,"9,12,15-18:3",,250,1,70952392.158
53,22:0,,250,1,3072147.247
53,23:0,,250,1,176811.993
53,24:0,,250,1,4315384.128
53,15-24:1,,250,1,739557.152
53,di-16:0,,250,1,860743.136
53,26:0,,250,1,210935.738
54,14:0,,250,1,230810.527
54,15:0,,250,1,241446.581
54,16:0,,250,1,25094428.7
54,9-16:1,,250,1,8167031.723
54,17:0,0.05008,250,1,11787981.653
54,"7,10-16:2",,250,1,928718.294
54,18:0,,250,1,2419741.989
54,11-Me-12-18:1,,250,1,6726391.192
54,9-18:1,,250,1,2960968.046
54,11-18:1,,250,1,7742330.522
54,"9,12-18:2",,250,1,43255237.194
54,"12,15-18:2",,250,1,515437.327
54,20:0,,250,1,1864549.678
54,"9,12,15-18:3",,250,1,36461673.753
54,22:0,,250,1,1319114.412
54,23:0,,250,1,65191.421
54,24:0,,250,1,2223916.596
54,15-24:1,,250,1,455010.438
54,di-16:0,,250,1,91823.403
54,26:0,,250,1,159151.63
25,14:0,,250,5,85324.225
25,15:0,,250,5,119516.311
25,16:0,,250,5,10443836.215
25,9-16:1,,250,5,3972611.865
25,17:0,0.05008,250,5,17330328.382
25,"7,10-16:2",,250,5,259421.053
25,18:0,,250,5,1634513.793
25,11-Me-12-18:1,,250,5,3514834.759
25,9-18:1,,250,5,2861511.834
25,11-18:1,,250,5,4702927.329
25,"9,12-18:2",,250,5,19749927.133
25,"12,15-18:2",,250,5,293459.952
25,20:0,,250,5,1034222.005
25,"9,12,15-18:3",,250,5,16361334.231
25,22:0,,250,5,534744.496
25,23:0,,250,5,39319.341
25,24:0,,250,5,658181.112
25,15-24:1,,250,5,186323.138
25,di-16:0,,250,5,115415.667
25,26:0,,250,5,80369.9
26,14:0,,250,5,206047.163
26,15:0,,250,5,315391.868
26,16:0,,250,5,21043919.173
26,9-16:1,,250,5,9344699.447
26,17:0,0.05008,250,5,18038184.999
26,"7,10-16:2",,250,5,598645.01
26,18:0,,250,5,3755255.809
26,11-Me-12-18:1,,250,5,7319108.291
26,9-18:1,,250,5,5081727.0
26,11-18:1,,250,5,9939551.858
26,"9,12-18:2",,250,5,36642983.749
26,"12,15-18:2",,250,5,548744.317
26,20:0,,250,5,2044693.115
26,"9,12,15-18:3",,250,5,34757042.627
26,22:0,,250,5,1214095.008
26,23:0,,250,5,42340.72
26,24:0,,250,5,1295375.042
26,15-24:1,,250,5,357166.983
26,di-16:0,,250,5,213922.029
26,26:0,,250,5,110700.138
27,14:0,,250,5,216861.116
27,15:0,,250,5,258269.693
27,16:0,,250,5,25520258.073
27,9-16:1,,250,5,11480062.276
27,17:0,0.05008,250,5,18699533.254
27,"7,10-16:2",,250,5,862854.448
27,18:0,,250,5,3745507.962
27,11-Me-12-18:1,,250,5,8046157.83
27,9-18:1,,250,5,4959128.994
27,11-18:1,,250,5,12262890.983
27,"9,12-18:2",,250,5,32319862.679
27,"12,15-18:2",,250,5,577419.507
27,20:0,,250,5,2393001.053
27,"9,12,15-18:3",,250,5,42441761.506
27,22:0,,250,5,1037039.059
27,23:0,,250,5,97672.134
27,24:0,,250,5,1436526.132
27,15-24:1,,250,5,391505.482
27,di-16:0,,250,5,132262.995
27,26:0,,250,5,69030.587
61,14:0,,250,5,220824.45
61,15:0,,250,5,246087.465
61,16:0,,250,5,17039861.529
61,9-16:1,,250,5,7629805.335
61,17:0,0.05008,250,5,12421922.188
61,"7,10-16:2",,250,5,505973.679
61,18:0,,250,5,2755640.938
61,11-Me-12-18:1,,250,5,7628040.514
61,9-18:1,,250,5,5253014.236
61,11-18:1,,250,5,7395206.87
61,"9,12-18:2",,250,5,31452439.181
61,"12,15-18:2",,250,5,696341.045
61,20:0,,250,5,1279846.444
61,"9,12,15-18:3",,250,5,25100582.85
61,22:0,,250,5,596339.664
61,23:0,,250,5,59256.273
61,24:0,,250,5,1260903.417
61,15-24:1,,250,5,322245.516
61,di-16:0,,250,5,99762.787
61,26:0,,250,5,79722.116
62,14:0,,250,5,233454.457
62,15:0,,250,5,180127.263
62,16:0,,250,5,17920173.969
62,9-16:1,,250,5,8990401.511
62,17:0,0.05008,250,5,12583421.47
62,"7,10-16:2",,250,5,503067.001
62,18:0,,250,5,2767057.439
62,11-Me-12-18:1,,250,5,8974407.87
62,9-18:1,,250,5,5576103.953
62,11-18:1,,250,5,7239998.848
62,"9,12-18:2",,250,5,35143858.328
62,"12,15-18:2",,250,5,872240.515
62,20:0,,250,5,1600163.026
62,"9,12,15-18:3",,250,5,25268574.12
62,22:0,,250,5,1410724.064
62,23:0,,250,5,72046.012
62,24:0,,250,5,1599835.22
62,15-24:1,,250,5,365270.314
62,di-16:0,,250,5,116362.501
62,26:0,,250,5,116120.835
63,14:0,,250,5,262367.654
63,15:0,,250,5,81195.859
63,16:0,,250,5,24405567.613
63,9-16:1,,250,5,15332360.692
63,17:0,0.05008,250,5,13599284.127
63,"7,10-16:2",,250,5,1037360.6
63,18:0,,250,5,4128941.708
63,11-Me-12-18:1,,250,5,11620210.962
63,9-18:1,,250,5,4447302.098
63,11-18:1,,250,5,9793786.333
63,"9,12-18:2",,250,5,40670590.206
63,"12,15-18:2",,250,5,966846.394
63,20:0,,250,5,1505138.119
63,"9,12,15-18:3",,250,5,30772554.135
63,22:0,,250,5,914101.419
63,23:0,,250,5,120507.467
63,24:0,,250,5,1858013.081
63,15-24:1,,250,5,282078.143
63,di-16:0,,250,5,340592.841
63,26:0,,250,5,102781.107
55,14:0,,500,1,202763.135
55,15:0,,500,1,355791.861
55,16:0,,500,1,26342788.56
55,9-16:1,,500,1,8837119.752
55,17:0,0.05008,500,1,11361107.827
55,"7,10-16:2",,500,1,958258.876
55,18:0,,500,1,2139326.159
55,11-Me-12-18:1,,500,1,7459331.953
55,9-18:1,,500,1,5550103.031
55,11-18:1,,500,1,8785480.535
55,"9,12-18:2",,500,1,42135412.25
55,"12,15-18:2",,500,1,194055.045
55,20:0,,500,1,1438586.528
55,"9,12,15-18:3",,500,1,40414859.347
55,22:0,,500,1,1204335.036
55,23:0,,500,1,63108.593
55,24:0,,500,1,2228390.266
55,15-24:1,,500,1,391170.25
55,di-16:0,,500,1,128244.038
55,26:0,,500,1,68314.639
56,14:0,,500,1,211892.767
56,15:0,,500,1,313259.595
56,16:0,,500,1,27226820.765
56,9-16:1,,500,1,8634826.795
56,17:0,0.05008,500,1,11943679.627
56,"7,10-16:2",,500,1,1309129.753
56,18:0,,500,1,3114601.12
56,11-Me-12-18:1,,500,1,8793898.655
56,9-18:1,,500,1,3442097.999
56,11-18:1,,500,1,7281294.885
56,"9,12-18:2",,500,1,44676230.549
56,"12,15-18:2",,500,1,436977.825
56,20:0,,500,1,2219350.799
56,"9,12,15-18:3",,500,1,41301398.978
56,22:0,,500,1,1451553.649
56,23:0,,500,1,118674.15
56,24:0,,500,1,2302305.089
56,15-24:1,,500,1,440397.323
56,di-16:0,,500,1,294816.163
56,26:0,,500,1,104692.44
57,14:0,,500,1,201715.884
57,15:0,,500,1,350267.687
57,16:0,,500,1,35459063.455
57,9-16:1,,500,1,10661542.347
57,17:0,0.05008,500,1,11660134.264
57,"7,10-16:2",,500,1,1420091.799
57,18:0,,500,1,3207236.592
57,11-Me-12-18:1,,500,1,9587985.184
57,9-18:1,,500,1,3706971.67
57,11-18:1,,500,1,8876555.26
57,"9,12-18:2",,500,1,55934999.983
57,"12,15-18:2",,500,1,404268.247
57,20:0,,500,1,2162949.648
57,"9,12,15-18:3",,500,1,53656091.357
57,22:0,,500,1,1368250.881
57,23:0,,500,1,162373.072
57,24:0,,500,1,2359213.434
57,15-24:1,,500,1,502983.456
57,di-16:0,,500,1,187402.305
57,26:0,,500,1,70372.904
58,14:0,,500,1,236801.143
58,15:0,,500,1,314041.109
58,16:0,,500,1,26940182.16
58,9-16:1,,500,1,11257068.123
58,17:0,0.05008,500,1,12002291.917
58,"7,10-16:2",,500,1,918363.311
58,18:0,,500,1,2537318.894
58,11-Me-12-18:1,,500,1,13683939.064
58,9-18:1,,500,1,6794298.98
58,11-18:1,,500,1,9927637.291
58,"9,12-18:2",,500,1,36457129.677
58,"12,15-18:2",,500,1,218717.948
58,20:0,,500,1,1505110.066
58,"9,12,15-18:3",,500,1,40819555.249
58,22:0,,500,1,1846637.293
58,23:0,,500,1,55830.368
58,24:0,,500,1,3768501.253
58,15-24:1,,500,1,461724.896
58,di-16:0,,500,1,160880.794
58,26:0,,500,1,127208.845
59,14:0,,500,1,179080.12
59,15:0,,500,1,281615.903
59,16:0,,500,1,26221954.008
59,9-16:1,,500,1,11105185.545
59,17:0,0.05008,500,1,12514804.84
59,"7,10-16:2",,500,1,1017945.253
59,18:0,,500,1,2674001.374
59,11-Me-12-18:1,,500,1,9967113.524
59,9-18:1,,500,1,6986924.96
59,11-18:1,,500,1,9654180.272
59,"9,12-18:2",,500,1,40473997.72
59,"12,15-18:2",,500,1,292170.702
59,20:0,,500,1,1879317.318
59,"9,12,15-18:3",,500,1,33518580.32
59,22:0,,500,1,2113622.518
59,23:0,,500,1,63257.291
59,24:0,,500,1,2571943.552
59,15-24:1,,500,1,639342.278
59,di-16:0,,500,1,99141.722
59,26:0,,500,1,201965.424
60,14:0,,500,1,323430.605
60,15:0,,500,1,247154.839
60,16:0,,500,1,32513988.901
60,9-16:1,,500,1,13366173.026
60,17:0,0.05008,500,1,11851222.855
60,"7,10-16:2",,500,1,1430671.141
60,18:0,,500,1,4541711.006
60,11-Me-12-18:1,,500,1,12146498.773
60,9-18:1,,500,1,8013919.384
60,11-18:1,,500,1,11190238.763
60,"9,12-18:2",,500,1,45323757.162
60,"12,15-18:2",,500,1,479621.948
60,20:0,,500,1,3213704.527
60,"9,12,15-18:3",,500,1,48948548.449
60,22:0,,500,1,1658632.566
60,23:0,,500,1,122821.201
60,24:0,,500,1,2955832.053
60,15-24:1,,500,1,679220.449
60,di-16:0,,500,1,254605.01
60,26:0,,500,1,154294.9
28,14:0,,500,5,160093.728
28,15:0,,500,5,348344.256
28,16:0,,500,5,19676804.805
28,9-16:1,,500,5,12529910.933
28,17:0,0.05008,500,5,20120136.156
28,"7,10-16:2",,500,5,623419.946
28,18:0,,500,5,2176738.668
28,11-Me-12-18:1,,500,5,8866749.396
28,9-18:1,,500,5,11621600.098
28,11-18:1,,500,5,13452884.438
28,"9,12-18:2",,500,5,43447038.477
28,"12,15-18:2",,500,5,689269.699
28,20:0,,500,5,1086838.92
28,"9,12,15-18:3",,500,5,23295146.046
28,22:0,,500,5,536782.421
28,23:0,,500,5,87479.993
28,24:0,,500,5,1135412.267
28,15-24:1,,500,5,258371.036
28,di-16:0,,500,5,151586.782
28,26:0,,500,5,45497.832
29,14:0,,500,5,215436.275
29,15:0,,500,5,252514.966
29,16:0,,500,5,24636429.758
29,9-16:1,,500,5,11624651.235
29,17:0,0.05008,500,5,20012519.913
29,"7,10-16:2",,500,5,452456.351
29,18:0,,500,5,2691200.689
29,11-Me-12-18:1,,500,5,9718269.091
29,9-18:1,,500,5,12301442.421
29,11-18:1,,500,5,10627784.032
29,"9,12-18:2",,500,5,56964899.879
29,"12,15-18:2",,500,5,408674.749
29,20:0,,500,5,1288613.548
29,"9,12,15-18:3",,500,5,24368106.287
29,22:0,,500,5,796791.477
29,23:0,,500,5,56270.642
29,24:0,,500,5,1748918.179
29,15-24:1,,500,5,243337.665
29,di-16:0,,500,5,180976.844
29,26:0,,500,5,147330.162
30,14:0,,500,5,187921.61
30,15:0,,500,5,326309.457
30,16:0,,500,5,23015468.704
30,9-16:1,,500,5,10943468.111
30,17:0,0.05008,500,5,18448226.919
30,"7,10-16:2",,500,5,479174.819
30,18:0,,500,5,2643258.915
30,11-Me-12-18:1,,500,5,9496770.197
30,9-18:1,,500,5,11608473.534
30,11-18:1,,500,5,10265149.815
30,"9,12-18:2",,500,5,53070343.3
30,"12,15-18:2",,500,5,397966.089
30,20:0,,500,5,1382034.879
30,"9,12,15-18:3",,500,5,22580094.459
30,22:0,,500,5,666019.571
30,23:0,,500,5,90546.402
30,24:0,,500,5,1599106.826
30,15-24:1,,500,5,275545.683
30,di-16:0,,500,5,137423.584
30,26:0,,500,5,147435.533
64,14:0,,500,5,255261.56
64,15:0,,500,5,290012.855
64,16:0,,500,5,22730070.63
64,9-16:1,,500,5,12829280.647
64,17:0,0.05008,500,5,13562342.025
64,"7,10-16:2",,500,5,598582.308
64,18:0,,500,5,2401099.951
64,11-Me-12-18:1,,500,5,7258830.432
64,9-18:1,,500,5,16351927.284
64,11-18:1,,500,5,12854280.157
64,"9,12-18:2",,500,5,51949467.415
64,"12,15-18:2",,500,5,954979.915
64,20:0,,500,5,3177066.5
64,"9,12,15-18:3",,500,5,22262429.692
64,22:0,,500,5,1929405.084
64,23:0,,500,5,97756.746
64,24:0,,500,5,1650787.433
64,15-24:1,,500,5,387855.936
64,di-16:0,,500,5,224463.817
64,26:0,,500,5,83380.677
65,14:0,,500,5,284533.372
65,15:0,,500,5,352111.12
65,16:0,,500,5,26181873.072
65,9-16:1,,500,5,13135052.668
65,17:0,0.05008,500,5,13456332.177
65,"7,10-16:2",,500,5,859325.755
65,18:0,,500,5,4179284.271
65,11-Me-12-18:1,,500,5,13575797.024
65,9-18:1,,500,5,8431069.409
65,11-18:1,,500,5,11199045.107
65,"9,12-18:2",,500,5,57372728.604
65,"12,15-18:2",,500,5,684965.595
65,20:0,,500,5,3009522.818
65,"9,12,15-18:3",,500,5,32073049.046
65,22:0,,500,5,1386545.559
65,23:0,,500,5,81949.626
65,24:0,,500,5,2177519.491
65,15-24:1,,500,5,501627.378
65,di-16:0,,500,5,401653.918
65,26:0,,500,5,99036.41
66,14:0,,500,5,438189.04
66,15:0,,500,5,60513.765
66,16:0,,500,5,34203138.727
66,9-16:1,,500,5,17397590.401
66,17:0,0.05008,500,5,13807546.033
66,"7,10-16:2",,500,5,832976.746
66,18:0,,500,5,3680671.784
66,11-Me-12-18:1,,500,5,12206431.504
66,9-18:1,,500,5,22140601.654
66,11-18:1,,500,5,21773618.199
66,"9,12-18:2",,500,5,77990416.498
66,"12,15-18:2",,500,5,750533.643
66,20:0,,500,5,3123365.656
66,"9,12,15-18:3",,500,5,38784925.512
66,22:0,,500,5,1757514.887
66,23:0,,500,5,76845.73
66,24:0,,500,5,2332554.939
66,15-24:1,,500,5,590718.251
66,di-16:0,,500,5,241862.497
66,26:0,,500,5,252821.364
61,14:0,,750,1,118284.996
61,15:0,,750,1,211161.246
61,16:0,,750,1,16411305.026
61,9-16:1,,750,1,8426300.403
61,17:0,0.05008,750,1,10794371.502
61,"7,10-16:2",,750,1,867431.544
61,18:0,,750,1,3174904.357
61,11-Me-12-18:1,,750,1,6900819.358
61,9-18:1,,750,1,4604538.346
61,11-18:1,,750,1,5270895.689
61,"9,12-18:2",,750,1,21882892.223
61,"12,15-18:2",,750,1,648909.805
61,20:0,,750,1,1692008.004
61,"9,12,15-18:3",,750,1,22222416.4
61,22:0,,750,1,1300396.567
61,23:0,,750,1,56254.821
61,24:0,,750,1,2724140.399
61,15-24:1,,750,1,425190.907
61,di-16:0,,750,1,256619.078
61,26:0,,750,1,124085.223
62,14:0,,750,1,166942.276
62,15:0,,750,1,241393.414
62,16:0,,750,1,21682098.534
62,9-16:1,,750,1,10039754.19
62,17:0,0.05008,750,1,12007351.377
62,"7,10-16:2",,750,1,939958.388
62,18:0,,750,1,3036391.807
62,11-Me-12-18:1,,750,1,8297843.45
62,9-18:1,,750,1,10792175.431
62,11-18:1,,750,1,9328058.791
62,"9,12-18:2",,750,1,31204889.931
62,"12,15-18:2",,750,1,525844.339
62,20:0,,750,1,2692117.369
62,"9,12,15-18:3",,750,1,33694982.347
62,22:0,,750,1,1416094.078
62,23:0,,750,1,39808.443
62,24:0,,750,1,2364232.774
62,15-24:1,,750,1,537323.086
62,di-16:0,,750,1,372283.086
62,26:0,,750,1,108033.561
63,14:0,,750,1,134866.842
63,15:0,,750,1,185063.132
63,16:0,,750,1,16927988.837
63,9-16:1,,750,1,6667853.827
63,17:0,0.05008,750,1,11946850.007
63,"7,10-16:2",,750,1,536947.123
63,18:0,,750,1,2516574.302
63,11-Me-12-18:1,,750,1,5321425.964
63,9-18:1,,750,1,8437435.833
63,11-18:1,,750,1,7003454.746
63,"9,12-18:2",,750,1,26793952.419
63,"12,15-18:2",,750,1,408102.184
63,20:0,,750,1,2197941.375
63,"9,12,15-18:3",,750,1,25959684.685
63,22:0,,750,1,1109488.552
63,23:0,,750,1,16804.305
63,24:0,,750,1,1835911.876
63,15-24:1,,750,1,385543.364
63,di-16:0,,750,1,324040.04
63,26:0,,750,1,96114.335
64,14:0,,750,1,267736.098
64,15:0,,750,1,283094.697
64,16:0,,750,1,26926196.845
64,9-16:1,,750,1,11261094.39
64,17:0,0.05008,750,1,11546078.903
64,"7,10-16:2",,750,1,1383886.018
64,18:0,,750,1,3866429.117
64,11-Me-12-18:1,,750,1,12437507.93
64,9-18:1,,750,1,8150180.934
64,11-18:1,,750,1,7649248.491
64,"9,12-18:2",,750,1,36602811.625
64,"12,15-18:2",,750,1,610780.198
64,20:0,,750,1,1670112.765
64,"9,12,15-18:3",,750,1,41142457.152
64,22:0,,750,1,1571512.742
64,23:0,,750,1,72847.991
64,24:0,,750,1,3542362.268
64,15-24:1,,750,1,589456.803
64,di-16:0,,750,1,326654.266
64,26:0,,750,1,173668.507
65,14:0,,750,1,125272.783
65,15:0,,750,1,229429.898
65,16:0,,750,1,17005482.079
65,9-16:1,,750,1,7123994.283
65,17:0,0.05008,750,1,11572676.595
65,"7,10-16:2",,750,1,915955.323
65,18:0,,750,1,2256775.249
65,11-Me-12-18:1,,750,1,6633497.868
65,9-18:1,,750,1,3777497.455
65,11-18:1,,750,1,5756480.007
65,"9,12-18:2",,750,1,26594515.16
65,"12,15-18:2",,750,1,394501.334
65,20:0,,750,1,1282092.122
65,"9,12,15-18:3",,750,1,26304114.682
65,22:0,,750,1,941710.217
65,23:0,,750,1,45308.349
65,24:0,,750,1,1440636.563
65,15-24:1,,750,1,273483.832
65,di-16:0,,750,1,113691.875
65,26:0,,750,1,95139.648
66,14:0,,750,1,286808.425
66,15:0,,750,1,364931.213
66,16:0,,750,1,29765435.904
66,9-16:1,,750,1,13193614.084
66,17:0,0.05008,750,1,12212540.672
66,"7,10-16:2",,750,1,1620450.201
66,18:0,,750,1,4034086.086
66,11-Me-12-18:1,,750,1,10038923.667
66,9-18:1,,750,1,7674518.194
66,11-18:1,,750,1,12196448.171
66,"9,12-18:2",,750,1,42683480.01
66,"12,15-18:2",,750,1,784004.847
66,20:0,,750,1,3371918.767
66,"9,12,15-18:3",,750,1,46626991.543
66,22:0,,750,1,2262137.845
66,23:0,,750,1,98523.724
66,24:0,,750,1,2219559.106
66,15-24:1,,750,1,518403.961
66,di-16:0,,750,1,658837.91
66,26:0,,750,1,77436.943
31,14:0,,750,5,111823.176
31,15:0,,750,5,165803.912
31,16:0,,750,5,14400658.276
31,9-16:1,,750,5,7093195.973
31,17:0,0.05008,750,5,18861751.589
31,"7,10-16:2",,750,5,345473.83
31,18:0,,750,5,2235027.324
31,11-Me-12-18:1,,750,5,8949143.051
31,9-18:1,,750,5,6270929.048
31,11-18:1,,750,5,5183269.438
31,"9,12-18:2",,750,5,32396161.888
31,"12,15-18:2",,750,5,467725.434
31,20:0,,750,5,841276.69
31,"9,12,15-18:3",,750,5,13815806.211
31,22:0,,750,5,632048.613
31,23:0,,750,5,16006.281
31,24:0,,750,5,1727223.372
31,15-24:1,,750,5,253805.131
31,di-16:0,,750,5,110721.988
31,26:0,,750,5,151615.982
32,14:0,,750,5,293054.722
32,15:0,,750,5,393371.972
32,16:0,,750,5,35352178.759
32,9-16:1,,750,5,21130158.145
32,17:0,0.05008,750,5,19306252.961
32,"7,10-16:2",,750,5,658450.17
32,18:0,,750,5,3610156.841
32,11-Me-12-18:1,,750,5,19575591.366
32,9-18:1,,750,5,42309940.594
32,11-18:1,,750,5,17195359.847
32,"9,12-18:2",,750,5,71330724.22
32,"12,15-18:2",,750,5,1015927.609
32,20:0,,750,5,1873341.2
32,"9,12,15-18:3",,750,5,34277984.56
32,22:0,,750,5,1849347.657
32,23:0,,750,5,98892.491
32,24:0,,750,5,2895666.418
32,15-24:1,,750,5,553523.057
32,di-16:0,,750,5,235146.991
32,26:0,,750,5,247492.986
33,14:0,,750,5,413820.449
33,15:0,,750,5,75559.019
33,16:0,,750,5,44573866.73
33,9-16:1,,750,5,21502653.383
33,17:0,0.05008,750,5,18899825.911
33,"7,10-16:2",,750,5,1097272.149
33,18:0,,750,5,5066290.519
33,11-Me-12-18:1,,750,5,18363781.964
33,9-18:1,,750,5,28898724.63
33,11-18:1,,750,5,20551811.809
33,"9,12-18:2",,750,5,91349652.798
33,"12,15-18:2",,750,5,1467673.321
33,20:0,,750,5,3160391.981
33,"9,12,15-18:3",,750,5,50455110.656
33,22:0,,750,5,2158898.026
33,23:0,,750,5,124434.911
33,24:0,,750,5,3342120.467
33,15-24:1,,750,5,819309.042
33,di-16:0,,750,5,337063.506
33,26:0,,750,5,269729.057
67,14:0,,750,5,103429.041
67,15:0,,750,5,156266.47
67,16:0,,750,5,15520549.411
67,9-16:1,,750,5,8938562.375
67,17:0,0.05008,750,5,13397609.167
67,"7,10-16:2",,750,5,351975.795
67,18:0,,750,5,2662577.27
67,11-Me-12-18:1,,750,5,6027402.046
67,9-18:1,,750,5,16784394.796
67,11-18:1,,750,5,10435839.402
67,"9,12-18:2",,750,5,36561943.065
67,"12,15-18:2",,750,5,440639.124
67,20:0,,750,5,1367965.173
67,"9,12,15-18:3",,750,5,18635144.715
67,22:0,,750,5,708122.285
67,23:0,,750,5,43608.429
67,24:0,,750,5,1424264.997
67,15-24:1,,750,5,182747.828
67,di-16:0,,750,5,196261.239
67,26:0,,750,5,183171.81
68,14:0,,750,5,164388.597
68,15:0,,750,5,246865.023
68,16:0,,750,5,18874735.807
68,9-16:1,,750,5,11818322.931
68,17:0,0.05008,750,5,14364236.998
68,"7,10-16:2",,750,5,454289.157
68,18:0,,750,5,2597075.103
68,11-Me-12-18:1,,750,5,7098842.678
68,9-18:1,,750,5,19915594.888
68,11-18:1,,750,5,12117693.156
68,"9,12-18:2",,750,5,45767938.191
68,"12,15-18:2",,750,5,396747.568
68,20:0,,750,5,2416105.586
68,"9,12,15-18:3",,750,5,19740549.306
68,22:0,,750,5,1252618.887
68,23:0,,750,5,77837.701
68,24:0,,750,5,1457213.951
68,15-24:1,,750,5,370605.275
68,di-16:0,,750,5,291329.915
68,26:0,,750,5,90239.868
69,14:0,,750,5,295734.184
69,15:0,,750,5,394955.479
69,16:0,,750,5,27118809.38
69,9-16:1,,750,5,13531137.007
69,17:0,0.05008,750,5,14282890.282
69,"7,10-16:2",,750,5,766110.227
69,18:0,,750,5,3527266.541
69,11-Me-12-18:1,,750,5,9664310.273
69,9-18:1,,750,5,19612857.703
69,11-18:1,,750,5,13700284.862
69,"9,12-18:2",,750,5,54582936.365
69,"12,15-18:2",,750,5,1400836.273
69,20:0,,750,5,2809847.081
69,"9,12,15-18:3",,750,5,33921057.158
69,22:0,,750,5,1933335.103
69,23:0,,750,5,88040.918
69,24:0,,750,5,2080091.19
69,15-24:1,,750,5,497225.024
69,di-16:0,,750,5,287421.028
69,26:0,,750,5,253537.449
67,14:0,,1000,1,282311.758
67,15:0,,1000,1,284703.888
67,16:0,,1000,1,25302680.42
67,9-16:1,,1000,1,11950705.818
67,17:0,0.05008,1000,1,11901789.431
67,"7,10-16:2",,1000,1,1599879.176
67,18:0,,1000,1,5237185.739
67,11-Me-12-18:1,,1000,1,11499573.181
67,9-18:1,,1000,1,6249260.464
67,11-18:1,,1000,1,9466337.023
67,"9,12-18:2",,1000,1,32372015.763
67,"12,15-18:2",,1000,1,377724.508
67,20:0,,1000,1,2434567.035
67,"9,12,15-18:3",,1000,1,38449231.964
67,22:0,,1000,1,1224944.578
67,23:0,,1000,1,75040.737
67,24:0,,1000,1,2638150.405
67,15-24:1,,1000,1,465871.104
67,di-16:0,,1000,1,266843.655
67,26:0,,1000,1,111928.634
68,14:0,,1000,1,286111.747
68,15:0,,1000,1,294576.562
68,16:0,,1000,1,26324553.52
68,9-16:1,,1000,1,12162940.418
68,17:0,0.05008,1000,1,13229195.878
68,"7,10-16:2",,1000,1,1084589.512
68,18:0,,1000,1,3942751.522
68,11-Me-12-18:1,,1000,1,11099052.958
68,9-18:1,,1000,1,12507420.919
68,11-18:1,,1000,1,10689868.742
68,"9,12-18:2",,1000,1,35569250.43
68,"12,15-18:2",,1000,1,541904.589
68,20:0,,1000,1,3265568.208
68,"9,12,15-18:3",,1000,1,37258524.374
68,22:0,,1000,1,2097189.034
68,23:0,,1000,1,94690.671
68,24:0,,1000,1,2830035.136
68,15-24:1,,1000,1,724191.493
68,di-16:0,,1000,1,457064.496
68,26:0,,1000,1,216239.492
69,14:0,,1000,1,274751.439
69,15:0,,1000,1,338962.884
69,16:0,,1000,1,31205186.407
69,9-16:1,,1000,1,13062162.353
69,17:0,0.05008,1000,1,13482516.225
69,"7,10-16:2",,1000,1,1273773.759
69,18:0,,1000,1,4256936.515
69,11-Me-12-18:1,,1000,1,15428131.68
69,9-18:1,,1000,1,10676766.119
69,11-18:1,,1000,1,9533693.557
69,"9,12-18:2",,1000,1,45481627.427
69,"12,15-18:2",,1000,1,807404.138
69,20:0,,1000,1,4068351.177
69,"9,12,15-18:3",,1000,1,45007694.966
69,22:0,,1000,1,3073114.836
69,23:0,,1000,1,102832.205
69,24:0,,1000,1,4370356.329
69,15-24:1,,1000,1,1070761.458
69,di-16:0,,1000,1,242511.078
69,26:0,,1000,1,286695.45
70,14:0,,1000,1,250502.44
70,15:0,,1000,1,370217.48
70,16:0,,1000,1,27698082.426
70,9-16:1,,1000,1,13119994.181
70,17:0,0.05008,1000,1,13351518.179
70,"7,10-16:2",,1000,1,1276755.014
70,18:0,,1000,1,3387633.958
70,11-Me-12-18:1,,1000,1,13396703.186
70,9-18:1,,1000,1,10053610.431
70,11-18:1,,1000,1,9993556.614
70,"9,12-18:2",,1000,1,45057461.978
70,"12,15-18:2",,1000,1,476828.21
70,20:0,,1000,1,2512989.802
70,"9,12,15-18:3",,1000,1,35398046.437
70,22:0,,1000,1,1903945.73
70,23:0,,1000,1,80949.276
70,24:0,,1000,1,3672249.866
70,15-24:1,,1000,1,620393.535
70,di-16:0,,1000,1,310188.95
70,26:0,,1000,1,172023.979
71,14:0,,1000,1,220216.03
71,15:0,,1000,1,367197.864
71,16:0,,1000,1,31372751.976
71,9-16:1,,1000,1,11213881.362
71,17:0,0.05008,1000,1,13822618.395
71,"7,10-16:2",,1000,1,969618.19
71,18:0,,1000,1,3715804.75
71,11-Me-12-18:1,,1000,1,11415941.348
71,9-18:1,,1000,1,19947837.137
71,11-18:1,,1000,1,9783598.68
71,"9,12-18:2",,1000,1,51503187.551
71,"12,15-18:2",,1000,1,537657.598
71,20:0,,1000,1,2314136.897
71,"9,12,15-18:3",,1000,1,38457323.87
71,22:0,,1000,1,1953933.405
71,23:0,,1000,1,123205.811
71,24:0,,1000,1,4036859.497
71,15-24:1,,1000,1,662599.091
71,di-16:0,,1000,1,305601.752
71,26:0,,1000,1,162643.128
72,14:0,,1000,1,281542.534
72,15:0,,1000,1,171217.167
72,16:0,,1000,1,30257740.022
72,9-16:1,,1000,1,11816980.868
72,17:0,0.05008,1000,1,13209214.007
72,"7,10-16:2",,1000,1,1066579.262
72,18:0,,1000,1,4237513.554
72,11-Me-12-18:1,,1000,1,13873737.153
72,9-18:1,,1000,1,15462431.444
72,11-18:1,,1000,1,10910311.913
72,"9,12-18:2",,1000,1,46857874.065
72,"12,15-18:2",,1000,1,605806.866
72,20:0,,1000,1,3069327.207
72,"9,12,15-18:3",,1000,1,39962234.641
72,22:0,,1000,1,2147556.451
72,23:0,,1000,1,140342.198
72,24:0,,1000,1,3776425.449
72,15-24:1,,1000,1,695057.171
72,di-16:0,,1000,1,234584.206
72,26:0,,1000,1,190412.813
34,14:0,,1000,5,0.0
34,15:0,,1000,5,81534.313
34,16:0,,1000,5,5136264.284
34,9-16:1,,1000,5,2720413.091
34,17:0,0.05008,1000,5,16401275.989
34,"7,10-16:2",,1000,5,162248.77
34,18:0,,1000,5,1032224.921
34,11-Me-12-18:1,,1000,5,2684408.791
34,9-18:1,,1000,5,4247062.881
34,11-18:1,,1000,5,3995869.1
34,"9,12-18:2",,1000,5,6783972.215
34,"12,15-18:2",,1000,5,575986.616
34,20:0,,1000,5,633344.305
34,"9,12,15-18:3",,1000,5,5192839.717
34,22:0,,1000,5,182097.178
34,23:0,,1000,5,0.0
34,24:0,,1000,5,466146.577
34,15-24:1,,1000,5,52236.732
34,di-16:0,,1000,5,56855.008
34,26:0,,1000,5,0.0
35,14:0,,1000,5,90602.448
35,15:0,,1000,5,130062.114
35,16:0,,1000,5,9376047.036
35,9-16:1,,1000,5,5215420.853
35,17:0,0.05008,1000,5,16808200.749
35,"7,10-16:2",,1000,5,201120.589
35,18:0,,1000,5,1389345.105
35,11-Me-12-18:1,,1000,5,4167380.11
35,9-18:1,,1000,5,17907359.22
35,11-18:1,,1000,5,6643752.86
35,"9,12-18:2",,1000,5,20596701.044
35,"12,15-18:2",,1000,5,421647.116
35,20:0,,1000,5,1098835.811
35,"9,12,15-18:3",,1000,5,10024317.785
35,22:0,,1000,5,549644.375
35,23:0,,1000,5,85.669
35,24:0,,1000,5,884682.654
35,15-24:1,,1000,5,218463.487
35,di-16:0,,1000,5,87448.239
35,26:0,,1000,5,73833.85
36,14:0,,1000,5,0.0
36,15:0,,1000,5,81534.313
36,16:0,,1000,5,5136264.284
36,9-16:1,,1000,5,2720413.091
36,17:0,0.05008,1000,5,16401275.989
36,"7,10-16:2",,1000,5,162248.77
36,18:0,,1000,5,1032224.921
36,11-Me-12-18:1,,1000,5,2684408.791
36,9-18:1,,1000,5,4247062.881
36,11-18:1,,1000,5,3995869.1
36,"9,12-18:2",,1000,5,6783972.215
36,"12,15-18:2",,1000,5,575986.616
36,20:0,,1000,5,633344.305
36,"9,12,15-18:3",,1000,5,5192839.717
36,22:0,,1000,5,182097.178
36,23:0,,1000,5,0.0
36,24:0,,1000,5,466146.577
36,15-24:1,,1000,5,52236.732
36,di-16:0,,1000,5,56855.008
36,26:0,,1000,5,0.0
70,14:0,,1000,5,231844.415
70,15:0,,1000,5,313187.202
70,16:0,,1000,5,17806068.657
70,9-16:1,,1000,5,12583766.818
70,17:0,0.05008,1000,5,13855244.272
70,"7,10-16:2",,1000,5,663171.078
70,18:0,,1000,5,2448258.675
70,11-Me-12-18:1,,1000,5,7628189.271
70,9-18:1,,1000,5,22553198.159
70,11-18:1,,1000,5,13435754.117
70,"9,12-18:2",,1000,5,30624086.361
70,"12,15-18:2",,1000,5,869474.3
70,20:0,,1000,5,3083854.9
70,"9,12,15-18:3",,1000,5,24545708.346
70,22:0,,1000,5,1788530.501
70,23:0,,1000,5,46512.217
70,24:0,,1000,5,1264731.236
70,15-24:1,,1000,5,412058.757
70,di-16:0,,1000,5,453567.249
70,26:0,,1000,5,63550.652
71,14:0,,1000,5,252819.46
71,15:0,,1000,5,281403.211
71,16:0,,1000,5,19971247.658
71,9-16:1,,1000,5,11939736.738
71,17:0,0.05008,1000,5,14345635.887
71,"7,10-16:2",,1000,5,486296.393
71,18:0,,1000,5,3247039.774
71,11-Me-12-18:1,,1000,5,6609583.292
71,9-18:1,,1000,5,30817147.391
71,11-18:1,,1000,5,14670951.288
71,"9,12-18:2",,1000,5,43646584.593
71,"12,15-18:2",,1000,5,846250.02
71,20:0,,1000,5,3950727.935
71,"9,12,15-18:3",,1000,5,23380601.206
71,22:0,,1000,5,1963848.298
71,23:0,,1000,5,53271.822
71,24:0,,1000,5,1751831.207
71,15-24:1,,1000,5,462828.872
71,di-16:0,,1000,5,131868.912
71,26:0,,1000,5,198292.998
72,14:0,,1000,5,218379.272
72,15:0,,1000,5,268869.972
72,16:0,,1000,5,17623237.081
72,9-16:1,,1000,5,12214841.665
72,17:0,0.05008,1000,5,9524182.007
72,"7,10-16:2",,1000,5,629457.567
72,18:0,,1000,5,2153080.678
72,11-Me-12-18:1,,1000,5,6195020.802
72,9-18:1,,1000,5,27028120.599
72,11-18:1,,1000,5,15411895.904
72,"9,12-18:2",,1000,5,42742932.945
72,"12,15-18:2",,1000,5,685965.424
72,20:0,,1000,5,1971831.984
72,"9,12,15-18:3",,1000,5,20634852.925
72,22:0,,1000,5,914097.141
72,23:0,,1000,5,39461.745
72,24:0,,1000,5,896181.48
72,15-24:1,,1000,5,237731.688
72,di-16:0,,1000,5,547739.44
72,26:0,,1000,5,60624.425
