Ni,Week,Plant,Sample,WaterFraction,FreshWeight
0,1,37,37,0.92,0.2665
0,1,38,38,0.92,0.1044
0,1,39,39,0.92,0.1865
0,1,40,40,0.92,0.2227
0,1,41,41,0.92,0.2663
0,1,42,42,0.92,0.2502
0,5,73,19,0.893,0.1
0,5,74,20,0.893,0.1915
0,5,75,21,0.893,0.2113
0,5,55,55,0.893,0.2656
0,5,56,56,0.893,0.2854
0,5,57,57,0.893,0.2042
50,1,43,43,0.913,0.274
50,1,44,44,0.913,0.2147
50,1,45,45,0.913,0.3536
50,1,46,46,0.913,0.2332
50,1,47,47,0.913,0.2588
50,1,48,48,0.913,0.2333
50,5,79,22,0.894,0.1909
50,5,80,23,0.894,0.2166
50,5,81,24,0.894,0.344
50,5,82,58,0.894,0.1467
50,5,83,59,0.894,0.178
50,5,84,60,0.894,0.2009
250,1,49,49,0.919,0.2016
250,1,50,50,0.919,0.2636
250,1,51,51,0.919,0.21
250,1,52,52,0.919,0.2473
250,1,53,53,0.919,0.3094
250,1,54,54,0.919,0.1933
250,5,88,25,0.896,0.0939
250,5,89,26,0.896,0.1591
250,5,90,27,0.896,0.1853
250,5,85,61,0.896,0.2432
250,5,86,62,0.896,0.1948
250,5,87,63,0.896,0.2262
500,1,55,55,0.913,0.2265
500,1,56,56,0.913,0.221
500,1,57,57,0.913,0.2758
500,1,58,58,0.913,0.2414
500,1,59,59,0.913,0.2304
500,1,60,60,0.913,0.284
500,5,91,28,0.89,0.1598
500,5,92,29,0.89,0.1476
500,5,93,30,0.89,0.1541
500,5,94,64,0.89,0.2182
500,5,95,65,0.89,0.2134
500,5,96,66,0.89,0.244
750,1,61,61,0.92,0.1483
750,1,62,62,0.92,0.1557
750,1,63,63,0.92,0.1259
750,1,64,64,0.92,0.2234
750,1,65,65,0.92,0.1178
750,1,66,66,0.92,0.2015
750,5,100,31,0.892,0.1277
750,5,101,32,0.892,0.2426
750,5,102,33,0.892,0.2446
750,5,97,67,0.892,0.1751
750,5,98,68,0.892,0.1928
750,5,99,69,0.892,0.2485
1000,1,67,67,0.925,0.1539
1000,1,68,68,0.925,0.1892
1000,1,69,69,0.925,0.3013
1000,1,70,70,0.925,0.2338
1000,1,71,71,0.925,0.214
1000,1,72,72,0.925,0.22
1000,5,103,34,0.89,0.1363
1000,5,104,35,0.89,0.1046
1000,5,105,36,0.89,0.0721
1000,5,106,70,0.89,0.1676
1000,5,107,71,0.89,0.2017
1000,5,108,72,0.89,0.2933