Index,Plant,Sample,Water,FreshWeight
1,37,37,0.92,0.2665
2,38,38,0.92,0.1044
3,39,39,0.92,0.1865
4,40,40,0.92,0.2227
5,41,41,0.92,0.2663
6,42,42,0.92,0.2502
7,73,19,0.893,0.1
8,74,20,0.893,0.1915
9,75,21,0.893,0.2113
10,55,55,0.893,0.2656
11,56,56,0.893,0.2854
12,57,57,0.893,0.2042
13,43,43,0.913,0.274
14,44,44,0.913,0.2147
15,45,45,0.913,0.3536
16,46,46,0.913,0.2332
17,47,47,0.913,0.2588
18,48,48,0.913,0.2333
19,79,22,0.894,0.1909
20,80,23,0.894,0.2166
21,81,24,0.894,0.344
22,82,58,0.894,0.1467
23,83,59,0.894,0.178
24,84,60,0.894,0.2009
25,49,49,0.919,0.2016
26,50,50,0.919,0.2636
27,51,51,0.919,0.21
28,52,52,0.919,0.2473
29,53,53,0.919,0.3094
30,54,54,0.919,0.1933
31,88,25,0.896,0.0939
32,89,26,0.896,0.1591
33,90,27,0.896,0.1853
34,85,61,0.896,0.2432
35,86,62,0.896,0.1948
36,87,63,0.896,0.2262
37,55,55,0.913,0.2265
38,56,56,0.913,0.221
39,57,57,0.913,0.2758
40,58,58,0.913,0.2414
41,59,59,0.913,0.2304
42,60,60,0.913,0.284
43,91,28,0.89,0.1598
44,92,29,0.89,0.1476
45,93,30,0.89,0.1541
46,94,64,0.89,0.2182
47,95,65,0.89,0.2134
48,96,66,0.89,0.244
49,61,61,0.92,0.1483
50,62,62,0.92,0.1557
51,63,63,0.92,0.1259
52,64,64,0.92,0.2234
53,65,65,0.92,0.1178
54,66,66,0.92,0.2015
55,100,31,0.892,0.1277
56,101,32,0.892,0.2426
57,102,33,0.892,0.2446
58,97,67,0.892,0.1751
59,98,68,0.892,0.1928
60,99,69,0.892,0.2485
61,67,67,0.925,0.1539
62,68,68,0.925,0.1892
63,69,69,0.925,0.3013
64,70,70,0.925,0.2338
65,71,71,0.925,0.214
66,72,72,0.925,0.22
67,103,34,0.89,0.1363
68,104,35,0.89,0.1046
69,105,36,0.89,0.0721
70,106,70,0.89,0.1676
71,107,71,0.89,0.2017
72,108,72,0.89,0.2933